12.30          54.14          285.45         
5.50           41.90          278.65         
15.60          60.08          288.75         
21.20          70.16          294.35         
16.80          62.24          289.95         
19.70          67.46          292.85         
22.30          72.14          295.45         
19.60          67.28          292.75         
14.80          58.64          287.95         
22.00          71.60          295.15         
21.50          70.70          294.65         
17.60          63.68          290.75         
16.30          61.34          289.45         
18.70          65.66          291.85         
19.40          66.92          292.55         
12.80          55.04          285.95         
11.20          52.16          284.35         
8.90           48.02          282.05         
17.50          63.50          290.65         
19.20          66.56          292.35         
11.60          52.88          284.75         
23.40          74.12          296.55         
23.40          74.12          296.55         
