     ID    LATITUDE   LONGITUDE    ALTITUDE  MM DD YYYY HH MM SS   TEMP     PRCP    WIND   PRESS 
NWS002AL   34.191439  -86.636006      725.00  4 18 2019 22 40 29   82.00    0.40    5.22   33.09
NWS015AL   34.871914  -86.306360      978.00  4  6 2019 17  1 27   79.00    1.90    5.92   33.19
NWS010AL   35.043812  -85.436362     1125.00  4  7 2019 15 24  2   79.00    2.92    3.67   32.87
NWS008AL   35.141938  -85.366461      500.00  4  9 2019 23 47  6   73.00    1.00    2.67   32.73
NWS010AL   35.043812  -85.436362     1125.00  4 20 2019 19 54 23   73.00    0.18    6.96   30.38
NWS015AL   34.871914  -86.306360      978.00  4 22 2019  7 53 28   81.00    2.53    6.22   30.92
NWS010AL   35.043812  -85.436362     1125.00  4 20 2019 11 21 49   80.00    2.76    6.32   30.46
NWS005AL   34.914387  -86.360065      891.00  4 19 2019 10 40  2   70.00    0.73    2.12   31.58
NWS001AL   34.719144  -86.463601      650.00  4 10 2019 10 50  6   83.00    0.12    3.44   29.90
NWS009AL   34.438719  -86.506463     1200.00  4 25 2019 10 36 20   76.00    1.52    3.14   31.56
NWS015AL   34.871914  -86.306360      978.00  4 10 2019  2 43 17   72.00    1.65    4.80   32.84
NWS002AL   34.191439  -86.636006      725.00  4  4 2019 11 19 18   70.00    2.98    3.60   32.02
NWS009AL   34.438719  -86.506463     1200.00  4  7 2019  5  5 44   70.00    2.50    2.22   31.24
NWS009AL   34.438719  -86.506463     1200.00  4 28 2019  0 46 30   79.00    2.75    7.28   31.18
NWS012AL   35.071911  -85.646360     1350.00  4  5 2019 23 52 50   84.00    0.85    0.97   33.39
NWS001AL   34.719144  -86.463601      650.00  4 28 2019 23  7 57   71.00    2.47    5.19   32.63
NWS012AL   35.071911  -85.646360     1350.00  4 30 2019  1 38 41   82.00    1.01    1.15   33.52
NWS001AL   34.719144  -86.463601      650.00  4  4 2019  8  0 11   80.00    1.50    5.89   32.47
NWS015AL   34.871914  -86.306360      978.00  4 18 2019 20  3 55   79.00    2.91    3.20   31.71
NWS008AL   35.141938  -85.366461      500.00  4 15 2019  4 36 21   74.00    0.22    4.44   33.36
NWS002AL   34.191439  -86.636006      725.00  4 25 2019  5 19 18   72.00    2.78    5.84   29.91
NWS010AL   35.043812  -85.436362     1125.00  4  9 2019 13 48 43   85.00    0.13    6.93   30.04
NWS009AL   34.438719  -86.506463     1200.00  4  5 2019  5 56 35   81.00    1.32    4.43   33.87
NWS008AL   35.141938  -85.366461      500.00  4 29 2019 15 44 28   74.00    1.01    5.71   30.37
NWS012AL   35.071911  -85.646360     1350.00  4 26 2019 21  3 43   73.00    1.17    6.92   33.34
NWS001AL   34.719144  -86.463601      650.00  4 19 2019 18  0 56   84.00    2.31    3.65   31.57
NWS019AL   35.319141  -85.556360      550.00  4  8 2019  0 42 58   74.00    0.18    1.49   30.54
NWS010AL   35.043812  -85.436362     1125.00  4  9 2019 23 15 28   74.00    0.73    1.82   30.29
NWS005AL   34.914387  -86.360065      891.00  4 16 2019  0 26 22   76.00    2.13    3.98   32.10
NWS005AL   34.914387  -86.360065      891.00  4 25 2019  0 41 18   72.00    2.90    4.09   30.88
NWS010AL   35.043812  -85.436362     1125.00  4  7 2019  4 29 35   78.00    1.92    1.07   33.62
NWS019AL   35.319141  -85.556360      550.00  4 12 2019  0 21  9   77.00    1.69    1.96   29.64
NWS005AL   34.914387  -86.360065      891.00  4 26 2019 16 46 57   83.00    2.00    4.94   30.61
NWS015AL   34.871914  -86.306360      978.00  4 12 2019  5 56  9   70.00    0.97    5.99   29.34
NWS015AL   34.871914  -86.306360      978.00  4 20 2019  1 32 25   82.00    0.46    5.49   30.07
NWS009AL   34.438719  -86.506463     1200.00  4 20 2019  4  7 49   75.00    2.80    6.42   33.24
NWS009AL   34.438719  -86.506463     1200.00  4  6 2019  9 16 26   79.00    1.07    2.62   33.31
NWS015AL   34.871914  -86.306360      978.00  4 25 2019 13 56 31   80.00    2.23    3.08   32.07
NWS012AL   35.071911  -85.646360     1350.00  4 14 2019  0  8 32   71.00    0.99    5.22   31.65
NWS017AL   35.219142  -85.296361      625.00  4  7 2019 22  1  4   82.00    0.55    7.21   30.57
NWS012AL   35.071911  -85.646360     1350.00  4 21 2019 13 26 44   81.00    1.05    0.06   31.19
NWS015AL   34.871914  -86.306360      978.00  4 25 2019 14  5  9   72.00    1.86    4.69   33.67
NWS017AL   35.219142  -85.296361      625.00  4  9 2019 19  5 18   85.00    2.69    4.21   33.25
NWS015AL   34.871914  -86.306360      978.00  4 15 2019  0 54 14   74.00    2.93    6.19   29.14
NWS010AL   35.043812  -85.436362     1125.00  4  8 2019  6 17 13   84.00    2.58    2.65   30.58
NWS012AL   35.071911  -85.646360     1350.00  4 13 2019  8 53  7   72.00    1.86    0.89   30.20
NWS009AL   34.438719  -86.506463     1200.00  4  5 2019  7 32 41   75.00    0.00    1.98   33.71
NWS009AL   34.438719  -86.506463     1200.00  4 16 2019 23 32 22   76.00    2.83    2.48   32.85
NWS010AL   35.043812  -85.436362     1125.00  4 21 2019 21 14 50   72.00    2.35    3.95   30.72
NWS001AL   34.719144  -86.463601      650.00  4 27 2019 11 25 10   82.00    1.49    2.92   29.81
NWS019AL   35.319141  -85.556360      550.00  4 26 2019  8 34 38   84.00    2.14    0.38   30.69
NWS009AL   34.438719  -86.506463     1200.00  4  2 2019 20 58 24   85.00    2.76    3.97   29.51
NWS001AL   34.719144  -86.463601      650.00  4  7 2019 10 17 10   81.00    2.45    5.90   29.19
NWS017AL   35.219142  -85.296361      625.00  4 25 2019 21 22 46   83.00    1.76    7.41   33.46
NWS012AL   35.071911  -85.646360     1350.00  4  8 2019 13  8 43   78.00    2.80    5.44   30.23
NWS008AL   35.141938  -85.366461      500.00  4 18 2019 13 55  5   70.00    1.33    5.95   30.00
NWS001AL   34.719144  -86.463601      650.00  4 17 2019 19 51 51   81.00    0.83    6.94   31.31
NWS015AL   34.871914  -86.306360      978.00  4  9 2019 19 20 31   76.00    2.84    4.62   30.78
NWS017AL   35.219142  -85.296361      625.00  4 29 2019 13 47 17   70.00    1.72    0.31   31.99
NWS001AL   34.719144  -86.463601      650.00  4  8 2019 20 57  8   79.00    1.38    5.77   32.05
NWS001AL   34.719144  -86.463601      650.00  4 19 2019  9 24 25   82.00    1.08    6.69   32.10
NWS008AL   35.141938  -85.366461      500.00  4 13 2019 22 43 25   82.00    0.39    0.24   32.39
NWS008AL   35.141938  -85.366461      500.00  4  8 2019  9 51 49   71.00    2.54    2.06   29.58
NWS005AL   34.914387  -86.360065      891.00  4 28 2019  0  5 41   77.00    0.49    1.99   29.56
NWS019AL   35.319141  -85.556360      550.00  4 23 2019  0 35 53   72.00    2.73    0.97   30.41
NWS005AL   34.914387  -86.360065      891.00  4  8 2019 17 32 23   85.00    0.75    1.10   30.12
NWS010AL   35.043812  -85.436362     1125.00  4 19 2019 19 38  3   84.00    2.76    1.03   30.96
NWS012AL   35.071911  -85.646360     1350.00  4 10 2019 17 41 50   80.00    0.28    7.87   31.20
NWS001AL   34.719144  -86.463601      650.00  4 29 2019  7 21 13   84.00    1.32    1.01   29.45
NWS009AL   34.438719  -86.506463     1200.00  4  7 2019  1  2 48   79.00    3.00    7.96   30.08
NWS012AL   35.071911  -85.646360     1350.00  4 16 2019 14  2 11   83.00    2.57    6.38   31.49
NWS009AL   34.438719  -86.506463     1200.00  4  7 2019  1 20 13   81.00    2.06    0.02   30.09
NWS010AL   35.043812  -85.436362     1125.00  4 23 2019  8 35 29   77.00    1.74    0.55   30.28
NWS001AL   34.719144  -86.463601      650.00  4 28 2019 21 10 25   79.00    0.50    2.28   30.87
NWS015AL   34.871914  -86.306360      978.00  4  9 2019 23 59 32   75.00    2.81    1.66   33.47
NWS019AL   35.319141  -85.556360      550.00  4 16 2019 16 12 57   83.00    0.58    7.30   29.64
NWS010AL   35.043812  -85.436362     1125.00  4 22 2019 17 40 33   76.00    1.33    4.70   30.75
NWS009AL   34.438719  -86.506463     1200.00  4 24 2019 16 24 21   70.00    1.07    2.67   32.76
NWS010AL   35.043812  -85.436362     1125.00  4  5 2019 19  6 18   80.00    2.67    6.18   29.39
NWS009AL   34.438719  -86.506463     1200.00  4 12 2019  7  6 23   72.00    1.98    2.55   31.04
NWS015AL   34.871914  -86.306360      978.00  4 13 2019 11 33 31   70.00    2.13    4.21   31.49
NWS012AL   35.071911  -85.646360     1350.00  4 26 2019  3  3 22   80.00    1.10    7.68   30.21
NWS002AL   34.191439  -86.636006      725.00  4 15 2019 17 35  5   78.00    0.88    2.55   31.66
NWS005AL   34.914387  -86.360065      891.00  4 30 2019 17 29 44   71.00    1.79    0.16   33.58
NWS017AL   35.219142  -85.296361      625.00  4  1 2019  1  3 12   78.00    0.62    2.56   29.13
NWS009AL   34.438719  -86.506463     1200.00  4 22 2019 15 23 47   70.00    1.80    3.98   29.54
NWS017AL   35.219142  -85.296361      625.00  4  4 2019  3 48  3   83.00    1.35    0.30   29.39
NWS002AL   34.191439  -86.636006      725.00  4 29 2019 14  8 20   75.00    2.53    3.17   32.47
NWS008AL   35.141938  -85.366461      500.00  4  1 2019  5  3 10   74.00    1.46    6.34   29.27
NWS009AL   34.438719  -86.506463     1200.00  4  6 2019 18  5 18   83.00    0.44    0.10   31.17
NWS009AL   34.438719  -86.506463     1200.00  4 30 2019  1 46 24   81.00    1.41    6.86   32.61
NWS012AL   35.071911  -85.646360     1350.00  4 16 2019 17 49 16   78.00    1.84    3.42   31.96
NWS012AL   35.071911  -85.646360     1350.00  4  4 2019 14 56 48   70.00    2.59    1.88   30.21
NWS019AL   35.319141  -85.556360      550.00  4  5 2019  9 46 52   85.00    2.94    5.45   29.04
NWS008AL   35.141938  -85.366461      500.00  4 12 2019 22 54 36   82.00    1.57    4.00   33.42
NWS012AL   35.071911  -85.646360     1350.00  4 16 2019  3 50 21   71.00    2.05    5.97   30.78
NWS001AL   34.719144  -86.463601      650.00  4  1 2019 22 34 33   71.00    0.45    6.36   33.81
NWS005AL   34.914387  -86.360065      891.00  4  4 2019  6 43 14   85.00    1.09    1.48   30.02
NWS010AL   35.043812  -85.436362     1125.00  4 14 2019 13 28 40   78.00    2.48    0.37   29.02
NWS012AL   35.071911  -85.646360     1350.00  4 12 2019  0 23 16   81.00    1.20    4.84   29.54
NWS019AL   35.319141  -85.556360      550.00  4 19 2019 10 33 14   82.00    2.85    5.15   32.24
NWS019AL   35.319141  -85.556360      550.00  4  9 2019  3 48 59   73.00    2.04    3.18   31.62
NWS015AL   34.871914  -86.306360      978.00  4  3 2019 21 53 38   75.00    0.80    3.31   34.00
NWS001AL   34.719144  -86.463601      650.00  4 22 2019 18 28  1   77.00    1.72    7.14   31.19
NWS010AL   35.043812  -85.436362     1125.00  4 10 2019 10  0 51   78.00    0.67    1.95   29.06
NWS012AL   35.071911  -85.646360     1350.00  4  1 2019 15 32  8   72.00    1.48    0.65   30.69
NWS015AL   34.871914  -86.306360      978.00  4 25 2019  4 55 31   83.00    0.55    0.77   29.76
NWS017AL   35.219142  -85.296361      625.00  4  4 2019 20 37 12   74.00    0.94    4.81   33.89
NWS002AL   34.191439  -86.636006      725.00  4 11 2019 19  3 28   70.00    0.96    7.92   29.61
NWS012AL   35.071911  -85.646360     1350.00  4 15 2019 15 53  7   79.00    1.48    1.28   31.84
NWS008AL   35.141938  -85.366461      500.00  4 30 2019 18 18  9   75.00    1.71    4.43   29.96
NWS019AL   35.319141  -85.556360      550.00  4 28 2019 16 39  4   83.00    2.78    0.15   32.03
NWS008AL   35.141938  -85.366461      500.00  4  7 2019 10 47 21   82.00    1.36    0.79   29.09
NWS005AL   34.914387  -86.360065      891.00  4 22 2019 16 29 15   84.00    0.74    3.03   32.94
NWS012AL   35.071911  -85.646360     1350.00  4 23 2019  7 51  6   82.00    2.88    7.96   32.44
NWS010AL   35.043812  -85.436362     1125.00  4 22 2019  4 16 50   72.00    0.20    0.79   29.09
NWS001AL   34.719144  -86.463601      650.00  4 24 2019 20 52 34   71.00    2.60    2.48   33.77
NWS005AL   34.914387  -86.360065      891.00  4  2 2019 18 59 38   72.00    2.06    5.87   29.50
NWS019AL   35.319141  -85.556360      550.00  4 10 2019 22 23 18   72.00    2.01    4.58   33.30
NWS008AL   35.141938  -85.366461      500.00  4 23 2019 17 38 22   80.00    0.31    2.21   33.18
NWS010AL   35.043812  -85.436362     1125.00  4 29 2019  2 27 18   76.00    0.95    1.82   31.64
NWS019AL   35.319141  -85.556360      550.00  4 23 2019  0 22  0   81.00    0.60    7.52   29.48
NWS008AL   35.141938  -85.366461      500.00  4  8 2019  2 37 28   81.00    0.27    2.00   33.41
NWS012AL   35.071911  -85.646360     1350.00  4 29 2019 13 40 20   78.00    0.97    3.31   30.52
NWS012AL   35.071911  -85.646360     1350.00  4 13 2019 17 14 18   80.00    2.86    5.13   30.46
NWS019AL   35.319141  -85.556360      550.00  4 29 2019 15 15 35   71.00    1.74    3.96   33.88
NWS015AL   34.871914  -86.306360      978.00  4  1 2019 17 44 57   72.00    0.14    0.86   29.24
NWS019AL   35.319141  -85.556360      550.00  4  1 2019  3 30 53   83.00    0.74    5.13   32.04
NWS010AL   35.043812  -85.436362     1125.00  4 19 2019  9 16 54   74.00    2.87    7.25   29.97
NWS012AL   35.071911  -85.646360     1350.00  4 18 2019 20 17 43   78.00    0.37    7.77   29.07
NWS002AL   34.191439  -86.636006      725.00  4  6 2019  8 13 32   72.00    2.44    5.97   32.40
NWS005AL   34.914387  -86.360065      891.00  4 10 2019  0 14 39   85.00    1.03    3.39   31.49
NWS019AL   35.319141  -85.556360      550.00  4 16 2019 13 25 16   80.00    1.10    2.06   29.42
NWS008AL   35.141938  -85.366461      500.00  4  4 2019 18  9  0   85.00    2.42    3.70   30.35
NWS005AL   34.914387  -86.360065      891.00  4 29 2019 22 51 48   72.00    2.16    0.09   31.13
NWS019AL   35.319141  -85.556360      550.00  4 11 2019  8 42 11   77.00    0.45    0.73   32.62
NWS005AL   34.914387  -86.360065      891.00  4 26 2019 20 54 12   75.00    2.36    7.16   29.34
NWS019AL   35.319141  -85.556360      550.00  4 16 2019  3 54 30   77.00    1.52    0.78   29.10
NWS005AL   34.914387  -86.360065      891.00  4 10 2019 12 32 42   85.00    0.27    4.10   33.05
NWS009AL   34.438719  -86.506463     1200.00  4 30 2019 10 44 26   85.00    0.55    3.38   31.53
NWS008AL   35.141938  -85.366461      500.00  4 11 2019 15 52  7   74.00    1.55    5.36   33.41
NWS002AL   34.191439  -86.636006      725.00  4 14 2019 14 51 36   77.00    1.59    7.08   33.47
NWS017AL   35.219142  -85.296361      625.00  4 17 2019  4 31 22   70.00    2.26    1.14   32.16
NWS008AL   35.141938  -85.366461      500.00  4 28 2019  9  3 34   83.00    0.93    6.30   33.48
NWS008AL   35.141938  -85.366461      500.00  4 14 2019  4 47 26   85.00    1.62    7.91   30.66
NWS010AL   35.043812  -85.436362     1125.00  4  9 2019  1 28 45   84.00    1.57    0.10   31.71
NWS002AL   34.191439  -86.636006      725.00  4  1 2019  0 11 10   75.00    0.55    6.53   32.38
NWS002AL   34.191439  -86.636006      725.00  4 16 2019 11 13 53   80.00    1.88    1.46   31.85
NWS002AL   34.191439  -86.636006      725.00  4  3 2019 17 17 30   84.00    2.17    5.80   29.57
NWS009AL   34.438719  -86.506463     1200.00  4 18 2019  7 19 35   79.00    2.20    0.27   31.48
NWS005AL   34.914387  -86.360065      891.00  4 19 2019  6  7 50   70.00    2.33    6.56   30.99
NWS001AL   34.719144  -86.463601      650.00  4 14 2019 22 42 30   78.00    2.05    0.11   32.30
NWS017AL   35.219142  -85.296361      625.00  4 24 2019 11 25 18   79.00    2.27    3.22   29.57
NWS017AL   35.219142  -85.296361      625.00  4 19 2019 21 23 56   77.00    1.11    2.65   32.97
NWS012AL   35.071911  -85.646360     1350.00  4  6 2019  2  6 33   78.00    0.86    4.16   33.11
NWS005AL   34.914387  -86.360065      891.00  4 14 2019  8 46 55   72.00    1.61    6.23   32.49
NWS005AL   34.914387  -86.360065      891.00  4  9 2019  0 29 44   72.00    2.87    4.41   30.24
NWS005AL   34.914387  -86.360065      891.00  4 26 2019  8 24 17   81.00    2.58    3.88   31.88
NWS019AL   35.319141  -85.556360      550.00  4 21 2019 12 48 43   81.00    0.93    5.98   32.32
NWS001AL   34.719144  -86.463601      650.00  4 25 2019  6 17 59   74.00    0.03    1.15   33.80
NWS001AL   34.719144  -86.463601      650.00  4 18 2019 11 25 23   72.00    2.68    5.86   30.96
NWS002AL   34.191439  -86.636006      725.00  4  1 2019 18 40 57   71.00    1.68    3.01   31.68
NWS002AL   34.191439  -86.636006      725.00  4 13 2019 10 49 38   73.00    2.69    4.66   29.73
NWS009AL   34.438719  -86.506463     1200.00  4  1 2019 17 26 16   84.00    2.61    7.62   30.37
NWS017AL   35.219142  -85.296361      625.00  4 30 2019 15 29 24   70.00    1.46    5.75   33.12
NWS017AL   35.219142  -85.296361      625.00  4 28 2019 23 10 27   74.00    0.34    1.05   29.86
NWS019AL   35.319141  -85.556360      550.00  4 22 2019 16 50 23   81.00    1.71    7.08   33.02
NWS002AL   34.191439  -86.636006      725.00  4  5 2019 21 42 16   74.00    1.47    4.91   29.94
NWS008AL   35.141938  -85.366461      500.00  4  1 2019  6 32 47   78.00    0.16    3.13   33.73
NWS001AL   34.719144  -86.463601      650.00  4  2 2019 18 49 43   84.00    0.65    7.85   29.61
NWS008AL   35.141938  -85.366461      500.00  4 17 2019  6 38 19   72.00    1.86    7.35   33.80
NWS019AL   35.319141  -85.556360      550.00  4 22 2019 19 38 16   79.00    1.30    5.70   29.34
NWS009AL   34.438719  -86.506463     1200.00  4 19 2019  4 23 49   80.00    2.35    2.49   30.69
NWS009AL   34.438719  -86.506463     1200.00  4 13 2019  4 11  6   70.00    1.92    3.38   33.65
NWS019AL   35.319141  -85.556360      550.00  4  7 2019 18 11 49   70.00    0.19    2.55   29.73
NWS012AL   35.071911  -85.646360     1350.00  4 10 2019  1  0 12   82.00    1.23    6.76   30.64
NWS005AL   34.914387  -86.360065      891.00  4  6 2019 23 54  0   71.00    0.55    6.32   29.08
NWS002AL   34.191439  -86.636006      725.00  4  9 2019  6 18 40   73.00    0.41    0.42   30.70
NWS012AL   35.071911  -85.646360     1350.00  4 20 2019  6 29 33   79.00    2.41    4.61   33.54
NWS005AL   34.914387  -86.360065      891.00  4 17 2019 23 22 22   72.00    1.83    0.22   30.83
NWS012AL   35.071911  -85.646360     1350.00  4 30 2019  9 58 31   77.00    1.28    0.34   31.32
NWS019AL   35.319141  -85.556360      550.00  4 10 2019 14  6 26   85.00    2.22    7.78   32.51
NWS009AL   34.438719  -86.506463     1200.00  4 18 2019  4 23  1   85.00    1.86    4.40   30.69
NWS008AL   35.141938  -85.366461      500.00  4 23 2019  5 16  1   75.00    0.74    7.28   29.70
NWS017AL   35.219142  -85.296361      625.00  4 16 2019  0 34 39   76.00    0.34    4.42   33.09
NWS012AL   35.071911  -85.646360     1350.00  4 24 2019 16 53 32   81.00    0.85    7.02   30.27
NWS001AL   34.719144  -86.463601      650.00  4 12 2019  1 39 35   81.00    2.98    1.60   33.99
NWS012AL   35.071911  -85.646360     1350.00  4 24 2019  2 50 53   83.00    0.73    2.96   29.74
NWS009AL   34.438719  -86.506463     1200.00  4  6 2019 20  9 21   70.00    2.32    3.76   31.31
NWS001AL   34.719144  -86.463601      650.00  4 22 2019 21 32 32   75.00    2.90    7.37   33.01
NWS017AL   35.219142  -85.296361      625.00  4 14 2019 22 58 28   84.00    0.81    5.44   32.90
NWS010AL   35.043812  -85.436362     1125.00  4  1 2019  6 49 28   83.00    2.25    7.55   33.21
NWS010AL   35.043812  -85.436362     1125.00  4 26 2019 18 24 48   72.00    0.42    0.82   29.62
NWS001AL   34.719144  -86.463601      650.00  4 20 2019  1 26 59   74.00    2.42    6.49   31.82
NWS012AL   35.071911  -85.646360     1350.00  4 26 2019  6 40 11   73.00    2.60    6.28   30.40
NWS010AL   35.043812  -85.436362     1125.00  4 11 2019 19 54 31   70.00    1.71    6.56   30.84
NWS012AL   35.071911  -85.646360     1350.00  4  8 2019 15 24 17   76.00    2.43    1.86   32.75
NWS001AL   34.719144  -86.463601      650.00  4  3 2019 17 38 28   81.00    0.45    4.08   30.75
NWS009AL   34.438719  -86.506463     1200.00  4 25 2019 19 21 33   79.00    1.70    6.61   32.89
NWS012AL   35.071911  -85.646360     1350.00  4 14 2019  0 24 15   75.00    1.21    7.60   31.38
NWS005AL   34.914387  -86.360065      891.00  4  7 2019  8 43 33   78.00    1.27    4.50   32.69
NWS009AL   34.438719  -86.506463     1200.00  4 29 2019 11 36 19   70.00    1.84    2.92   33.08
NWS019AL   35.319141  -85.556360      550.00  4 24 2019 19 13 36   85.00    2.85    6.60   31.05
NWS012AL   35.071911  -85.646360     1350.00  4  1 2019  0 35 25   77.00    1.26    7.43   30.38
NWS005AL   34.914387  -86.360065      891.00  4 13 2019  9  0 55   80.00    0.09    3.35   29.38
NWS008AL   35.141938  -85.366461      500.00  4 28 2019  2  8  0   82.00    0.36    2.47   33.31
NWS001AL   34.719144  -86.463601      650.00  4 27 2019  2 53 17   70.00    1.58    6.59   32.54
NWS010AL   35.043812  -85.436362     1125.00  4  6 2019  2  1  8   71.00    0.11    2.80   32.58
NWS012AL   35.071911  -85.646360     1350.00  4 20 2019  4 16 55   80.00    0.60    7.42   29.21
NWS005AL   34.914387  -86.360065      891.00  4  3 2019  8 38  8   75.00    0.82    0.28   31.64
NWS012AL   35.071911  -85.646360     1350.00  4 10 2019  1 55 23   70.00    0.06    1.69   29.47
NWS002AL   34.191439  -86.636006      725.00  4  2 2019 17 52 53   71.00    1.23    7.68   29.28
NWS009AL   34.438719  -86.506463     1200.00  4 14 2019 20 34 18   74.00    0.60    0.20   30.11
NWS015AL   34.871914  -86.306360      978.00  4 30 2019 14  5 47   80.00    1.16    2.96   31.70
NWS009AL   34.438719  -86.506463     1200.00  4  1 2019 23 50  8   76.00    0.74    3.23   30.63
NWS001AL   34.719144  -86.463601      650.00  4 24 2019 21 15 58   81.00    1.90    4.46   29.95
NWS010AL   35.043812  -85.436362     1125.00  4 17 2019 17 48 35   73.00    0.40    3.72   33.13
NWS012AL   35.071911  -85.646360     1350.00  4 22 2019  1 47 27   83.00    1.24    6.31   33.55
NWS017AL   35.219142  -85.296361      625.00  4  6 2019 13 58 18   82.00    1.48    5.53   33.87
NWS015AL   34.871914  -86.306360      978.00  4  2 2019 11 50 44   71.00    1.47    7.84   30.45
NWS002AL   34.191439  -86.636006      725.00  4 24 2019 21 43 41   83.00    2.64    2.16   29.73
NWS012AL   35.071911  -85.646360     1350.00  4  2 2019 22 12 51   77.00    2.29    1.89   31.21
NWS019AL   35.319141  -85.556360      550.00  4 23 2019  0 54 42   73.00    1.65    5.37   30.44
NWS001AL   34.719144  -86.463601      650.00  4 20 2019 18  4  3   71.00    2.12    0.97   33.18
NWS001AL   34.719144  -86.463601      650.00  4  4 2019 23 14 30   84.00    1.71    6.09   31.68
NWS008AL   35.141938  -85.366461      500.00  4 21 2019 17 38  3   77.00    2.49    1.69   29.87
NWS015AL   34.871914  -86.306360      978.00  4 19 2019  1 54  0   82.00    0.59    6.51   31.21
NWS002AL   34.191439  -86.636006      725.00  4  7 2019  6 24 55   84.00    2.73    3.33   32.72
NWS015AL   34.871914  -86.306360      978.00  4 30 2019 15 43 27   74.00    0.45    0.88   31.12
NWS017AL   35.219142  -85.296361      625.00  4 20 2019  9 57 51   82.00    2.20    0.40   32.58
NWS009AL   34.438719  -86.506463     1200.00  4 13 2019  0 20 55   73.00    1.14    0.39   31.02
NWS001AL   34.719144  -86.463601      650.00  4 17 2019 17 51 49   72.00    0.98    6.44   29.84
NWS019AL   35.319141  -85.556360      550.00  4  8 2019  2 59 13   83.00    2.07    2.68   32.52
NWS012AL   35.071911  -85.646360     1350.00  4 27 2019 23 15 19   74.00    1.52    2.57   29.92
NWS012AL   35.071911  -85.646360     1350.00  4 22 2019 17 46  2   84.00    1.46    5.66   32.51
NWS017AL   35.219142  -85.296361      625.00  4 12 2019 15  3 54   73.00    1.25    2.99   30.90
NWS005AL   34.914387  -86.360065      891.00  4  2 2019  7  6 51   83.00    0.52    1.86   31.71
NWS001AL   34.719144  -86.463601      650.00  4 23 2019  7 26 30   75.00    2.45    6.28   30.35
NWS012AL   35.071911  -85.646360     1350.00  4 15 2019 23 22 35   76.00    1.06    4.31   29.51
NWS002AL   34.191439  -86.636006      725.00  4 16 2019 11 25 47   75.00    0.07    2.47   29.04
NWS005AL   34.914387  -86.360065      891.00  4  8 2019  3  3  6   73.00    2.49    2.25   29.67
NWS008AL   35.141938  -85.366461      500.00  4  9 2019 23 56 45   81.00    1.63    3.86   33.60
NWS008AL   35.141938  -85.366461      500.00  4  2 2019  7  4 51   73.00    0.77    4.92   33.36
NWS019AL   35.319141  -85.556360      550.00  4  3 2019 15 43 53   85.00    2.61    3.40   31.64
NWS015AL   34.871914  -86.306360      978.00  4 19 2019  9 37 13   83.00    2.56    4.91   31.41
NWS009AL   34.438719  -86.506463     1200.00  4 13 2019  7 51 30   72.00    2.70    0.29   29.09
NWS005AL   34.914387  -86.360065      891.00  4 29 2019 23 42 43   84.00    0.69    3.49   33.14
NWS012AL   35.071911  -85.646360     1350.00  4 16 2019  8  1  2   72.00    2.21    7.60   30.38
NWS005AL   34.914387  -86.360065      891.00  4  8 2019 13 47 29   79.00    1.66    6.74   33.35
NWS001AL   34.719144  -86.463601      650.00  4 22 2019 17 33 24   76.00    1.95    0.67   29.47
NWS015AL   34.871914  -86.306360      978.00  4 20 2019 16 34  9   72.00    1.37    4.31   29.23
NWS017AL   35.219142  -85.296361      625.00  4  6 2019 11 52 33   76.00    2.33    3.39   33.97
NWS019AL   35.319141  -85.556360      550.00  4 29 2019 10 23 52   85.00    0.60    2.27   33.94
NWS017AL   35.219142  -85.296361      625.00  4  4 2019 10 10 42   78.00    2.39    6.81   30.40
NWS001AL   34.719144  -86.463601      650.00  4 28 2019 16 56 38   74.00    1.67    7.21   31.45
NWS019AL   35.319141  -85.556360      550.00  4 16 2019  9  3 42   76.00    2.69    1.96   31.31
NWS005AL   34.914387  -86.360065      891.00  4  4 2019 17 26 28   83.00    1.12    2.90   30.71
NWS010AL   35.043812  -85.436362     1125.00  4 20 2019 17  9 32   73.00    1.28    4.01   29.72
NWS017AL   35.219142  -85.296361      625.00  4  2 2019 21 52 30   74.00    2.99    8.00   31.71
NWS017AL   35.219142  -85.296361      625.00  4 12 2019 10 30 17   85.00    2.53    0.51   30.02
NWS001AL   34.719144  -86.463601      650.00  4  4 2019 13 13 10   72.00    0.50    7.47   30.39
NWS002AL   34.191439  -86.636006      725.00  4 11 2019  6 47 57   85.00    0.62    0.79   30.84
NWS001AL   34.719144  -86.463601      650.00  4 24 2019 22 23 21   73.00    1.85    3.61   29.86
NWS012AL   35.071911  -85.646360     1350.00  4 12 2019 16 49 57   73.00    0.53    4.36   33.05
NWS012AL   35.071911  -85.646360     1350.00  4 12 2019  3 31 27   85.00    1.63    1.48   30.34
NWS001AL   34.719144  -86.463601      650.00  4 21 2019 13 58 25   74.00    1.66    4.29   29.99
NWS017AL   35.219142  -85.296361      625.00  4 11 2019  2 35 41   76.00    0.02    0.70   29.39
NWS002AL   34.191439  -86.636006      725.00  4  7 2019  2 50 18   74.00    1.84    0.86   32.39
NWS001AL   34.719144  -86.463601      650.00  4 23 2019  6 13 35   79.00    1.24    7.99   29.28
NWS019AL   35.319141  -85.556360      550.00  4 14 2019 20 33 12   71.00    2.91    5.00   29.69
NWS001AL   34.719144  -86.463601      650.00  4 12 2019 14  8 47   80.00    0.86    0.29   32.72
NWS010AL   35.043812  -85.436362     1125.00  4 20 2019 19  9 35   84.00    1.65    6.05   29.50
NWS009AL   34.438719  -86.506463     1200.00  4  4 2019  3 34  1   72.00    0.54    7.38   31.95
NWS009AL   34.438719  -86.506463     1200.00  4 25 2019 10 53  8   85.00    0.22    3.54   30.22
NWS017AL   35.219142  -85.296361      625.00  4 10 2019 10 31 14   80.00    0.09    5.14   30.01
NWS019AL   35.319141  -85.556360      550.00  4  5 2019 19 26 58   75.00    2.26    5.75   32.54
NWS010AL   35.043812  -85.436362     1125.00  4 11 2019  2  4 35   80.00    1.06    1.00   29.06
NWS005AL   34.914387  -86.360065      891.00  4  1 2019 18 36 15   71.00    1.87    0.29   29.67
NWS010AL   35.043812  -85.436362     1125.00  4 14 2019 13 50 50   84.00    2.40    1.67   29.72
NWS005AL   34.914387  -86.360065      891.00  4  8 2019 22 24 25   70.00    2.30    4.47   33.00
NWS008AL   35.141938  -85.366461      500.00  4 10 2019 22 23 25   71.00    2.57    2.39   31.37
NWS002AL   34.191439  -86.636006      725.00  4 26 2019  0 27 53   84.00    1.61    2.47   32.10
NWS015AL   34.871914  -86.306360      978.00  4  2 2019  1 10 34   76.00    1.89    2.70   29.16
NWS012AL   35.071911  -85.646360     1350.00  4 16 2019  2 25 58   75.00    1.97    2.21   33.89
NWS012AL   35.071911  -85.646360     1350.00  4 23 2019 13 52 39   85.00    1.10    6.80   30.71
NWS012AL   35.071911  -85.646360     1350.00  4 30 2019 10  9  5   72.00    0.42    4.21   31.44
NWS012AL   35.071911  -85.646360     1350.00  4 23 2019  8 33 20   76.00    1.08    3.38   29.49
NWS009AL   34.438719  -86.506463     1200.00  4 28 2019  5 34 21   76.00    0.21    1.44   30.95
NWS017AL   35.219142  -85.296361      625.00  4 30 2019 18  1 46   77.00    1.72    7.49   31.11
NWS002AL   34.191439  -86.636006      725.00  4 11 2019 17  2 42   70.00    1.12    6.84   33.69
NWS010AL   35.043812  -85.436362     1125.00  4 28 2019  1 44  4   73.00    2.19    6.50   29.94
NWS017AL   35.219142  -85.296361      625.00  4 28 2019 23 37  1   81.00    2.81    0.21   33.02
NWS005AL   34.914387  -86.360065      891.00  4 20 2019  1 35 35   78.00    2.08    5.25   30.99
NWS005AL   34.914387  -86.360065      891.00  4 24 2019  1  9 28   81.00    0.59    2.04   32.04
NWS015AL   34.871914  -86.306360      978.00  4 14 2019 13 38 50   84.00    1.21    2.78   32.86
NWS017AL   35.219142  -85.296361      625.00  4 24 2019 13  0 44   71.00    2.29    6.01   31.34
NWS010AL   35.043812  -85.436362     1125.00  4 18 2019 21 44 44   76.00    2.02    4.78   30.20
NWS012AL   35.071911  -85.646360     1350.00  4 15 2019 14 22 58   76.00    1.12    4.02   32.64
NWS010AL   35.043812  -85.436362     1125.00  4 17 2019 14 29 48   85.00    1.52    4.36   32.54
NWS005AL   34.914387  -86.360065      891.00  4  9 2019  0 19 38   72.00    2.35    3.19   29.51
NWS017AL   35.219142  -85.296361      625.00  4 13 2019 22 54 47   77.00    0.81    1.89   32.06
NWS015AL   34.871914  -86.306360      978.00  4  9 2019  1 58 22   80.00    0.67    4.67   33.19
NWS008AL   35.141938  -85.366461      500.00  4 30 2019  1  8 21   75.00    2.18    3.86   32.33
NWS005AL   34.914387  -86.360065      891.00  4  3 2019  4 21  0   77.00    2.47    3.86   30.13
NWS009AL   34.438719  -86.506463     1200.00  4  2 2019  6 15 56   71.00    0.29    3.76   33.36
NWS002AL   34.191439  -86.636006      725.00  4 19 2019  2 24 47   77.00    1.26    5.38   29.55
NWS019AL   35.319141  -85.556360      550.00  4 29 2019  9 50 33   82.00    1.06    2.34   29.79
NWS005AL   34.914387  -86.360065      891.00  4 23 2019 12 43 53   80.00    2.60    0.56   33.86
NWS005AL   34.914387  -86.360065      891.00  4 22 2019 21 43 29   73.00    2.00    0.48   33.18
NWS005AL   34.914387  -86.360065      891.00  4 11 2019  7 32  7   84.00    1.74    4.05   32.43
NWS005AL   34.914387  -86.360065      891.00  4 20 2019 23 38 40   85.00    0.34    6.29   32.88
NWS015AL   34.871914  -86.306360      978.00  4  4 2019 13  9 46   85.00    2.58    1.99   33.56
NWS019AL   35.319141  -85.556360      550.00  4 27 2019  2 23  0   71.00    0.23    6.58   31.57
NWS008AL   35.141938  -85.366461      500.00  4  8 2019 21 42 57   83.00    0.15    5.72   33.02
NWS015AL   34.871914  -86.306360      978.00  4 17 2019  1 40 39   85.00    1.16    4.41   31.25
NWS017AL   35.219142  -85.296361      625.00  4 15 2019  0 33  7   75.00    1.36    1.10   32.03
NWS010AL   35.043812  -85.436362     1125.00  4 14 2019  4 47 53   76.00    0.55    6.15   32.14
NWS015AL   34.871914  -86.306360      978.00  4  7 2019  5 14 40   81.00    0.03    1.53   30.16
NWS008AL   35.141938  -85.366461      500.00  4 24 2019 16 15 40   74.00    0.30    3.42   33.26
NWS019AL   35.319141  -85.556360      550.00  4 24 2019 21  9  1   79.00    1.45    2.20   30.14
NWS002AL   34.191439  -86.636006      725.00  4  4 2019  8 46  8   74.00    1.17    6.29   30.13
NWS015AL   34.871914  -86.306360      978.00  4 25 2019  2 37  1   76.00    1.23    2.72   29.56
NWS005AL   34.914387  -86.360065      891.00  4  4 2019  5 11 21   72.00    2.04    5.48   31.57
NWS001AL   34.719144  -86.463601      650.00  4 20 2019 21 37 54   81.00    2.37    3.29   32.24
NWS017AL   35.219142  -85.296361      625.00  4 14 2019 21 53 41   85.00    0.81    4.08   32.80
NWS010AL   35.043812  -85.436362     1125.00  4 16 2019 10 10 57   79.00    2.16    3.00   32.63
NWS010AL   35.043812  -85.436362     1125.00  4  2 2019 21 45  4   84.00    2.80    4.45   29.63
NWS005AL   34.914387  -86.360065      891.00  4 12 2019 17 25 53   73.00    1.12    3.12   33.86
NWS012AL   35.071911  -85.646360     1350.00  4 21 2019 14 57 18   80.00    2.33    4.84   29.92
NWS015AL   34.871914  -86.306360      978.00  4 19 2019 18 58 39   73.00    2.08    1.91   29.63
NWS019AL   35.319141  -85.556360      550.00  4  7 2019 12 36 53   72.00    0.61    5.63   31.45
NWS019AL   35.319141  -85.556360      550.00  4  5 2019  8  0 54   76.00    1.46    1.46   31.21
NWS002AL   34.191439  -86.636006      725.00  4 19 2019 23 41 21   70.00    1.12    0.18   30.32
NWS001AL   34.719144  -86.463601      650.00  4 10 2019  5  0 48   76.00    1.89    4.66   32.65
NWS019AL   35.319141  -85.556360      550.00  4  8 2019 15 58  9   85.00    0.82    3.67   31.52
NWS009AL   34.438719  -86.506463     1200.00  4 10 2019  5 37 34   75.00    0.75    2.43   29.88
NWS009AL   34.438719  -86.506463     1200.00  4  4 2019  2 31 20   76.00    2.95    3.68   29.07
NWS010AL   35.043812  -85.436362     1125.00  4 12 2019  7 37 32   82.00    0.70    2.96   30.12
NWS008AL   35.141938  -85.366461      500.00  4 21 2019 13 48 49   72.00    1.39    4.17   30.66
NWS019AL   35.319141  -85.556360      550.00  4  1 2019  9 52 22   76.00    1.86    3.74   30.68
NWS012AL   35.071911  -85.646360     1350.00  4 14 2019  3 13 33   70.00    0.16    1.59   31.27
NWS002AL   34.191439  -86.636006      725.00  4  7 2019  5 28 48   70.00    2.37    7.45   31.27
NWS010AL   35.043812  -85.436362     1125.00  4 24 2019 16  2  7   79.00    0.38    7.38   30.22
NWS001AL   34.719144  -86.463601      650.00  4 21 2019  6 56 34   77.00    1.76    2.24   31.53
NWS010AL   35.043812  -85.436362     1125.00  4 24 2019 18 47  9   73.00    2.58    5.40   32.27
NWS009AL   34.438719  -86.506463     1200.00  4 24 2019  9 25  8   81.00    2.98    1.42   30.22
NWS001AL   34.719144  -86.463601      650.00  4 13 2019 15 51 20   76.00    2.81    7.77   31.77
NWS017AL   35.219142  -85.296361      625.00  4 10 2019 13 16 52   84.00    0.69    2.93   33.40
NWS015AL   34.871914  -86.306360      978.00  4  8 2019 16 36 10   80.00    0.92    0.92   31.67
NWS019AL   35.319141  -85.556360      550.00  4 23 2019 12 51 15   82.00    0.87    6.08   29.38
NWS017AL   35.219142  -85.296361      625.00  4  2 2019 15 43 21   74.00    1.30    7.09   30.52
NWS009AL   34.438719  -86.506463     1200.00  4 29 2019 17  8 54   75.00    2.97    1.46   30.65
NWS019AL   35.319141  -85.556360      550.00  4  8 2019 21 42 15   82.00    2.18    4.69   32.90
NWS009AL   34.438719  -86.506463     1200.00  4 24 2019 12 35 57   82.00    0.32    5.90   33.66
NWS012AL   35.071911  -85.646360     1350.00  4 22 2019 10 30 48   78.00    0.13    1.54   33.88
NWS019AL   35.319141  -85.556360      550.00  4 16 2019 21  5 44   76.00    2.39    2.13   32.32
NWS012AL   35.071911  -85.646360     1350.00  4 21 2019  0 54 13   83.00    0.47    6.59   33.97
NWS008AL   35.141938  -85.366461      500.00  4  1 2019  0 42 21   72.00    1.00    2.38   33.07
NWS010AL   35.043812  -85.436362     1125.00  4 28 2019 15 48 33   81.00    2.75    3.94   32.85
NWS002AL   34.191439  -86.636006      725.00  4 20 2019  2 52 53   72.00    0.14    0.05   31.38
NWS008AL   35.141938  -85.366461      500.00  4 27 2019  7 43  8   73.00    2.11    0.51   31.14
NWS009AL   34.438719  -86.506463     1200.00  4 16 2019  0 14 42   73.00    1.99    3.78   30.24
NWS008AL   35.141938  -85.366461      500.00  4 30 2019 20 57 50   77.00    2.47    1.20   30.12
NWS009AL   34.438719  -86.506463     1200.00  4 23 2019 12 31  5   77.00    2.24    1.90   29.62
NWS015AL   34.871914  -86.306360      978.00  4  7 2019  0 21 35   80.00    1.21    2.78   33.68
NWS005AL   34.914387  -86.360065      891.00  4 19 2019  1 36 59   84.00    1.88    6.37   33.90
NWS005AL   34.914387  -86.360065      891.00  4 12 2019  8 55 18   85.00    2.75    1.89   32.66
NWS010AL   35.043812  -85.436362     1125.00  4 24 2019 22 36 52   72.00    0.84    6.36   30.35
NWS012AL   35.071911  -85.646360     1350.00  4 14 2019  0 49 55   81.00    2.53    7.84   29.15
NWS010AL   35.043812  -85.436362     1125.00  4 21 2019 23 21  5   76.00    0.44    5.72   32.98
NWS002AL   34.191439  -86.636006      725.00  4  3 2019 21 17 37   73.00    0.30    2.71   30.18
NWS002AL   34.191439  -86.636006      725.00  4 16 2019  4 58  8   72.00    0.16    0.11   30.33
NWS009AL   34.438719  -86.506463     1200.00  4 24 2019 12 47 46   80.00    1.08    7.00   31.18
NWS002AL   34.191439  -86.636006      725.00  4  7 2019 13 19 36   70.00    0.63    5.47   29.15
NWS002AL   34.191439  -86.636006      725.00  4 17 2019  5 46 53   73.00    2.17    4.84   32.54
NWS019AL   35.319141  -85.556360      550.00  4 15 2019 17  1 28   84.00    1.81    1.66   31.09
NWS002AL   34.191439  -86.636006      725.00  4  7 2019  6 40  4   84.00    2.94    3.93   29.49
NWS015AL   34.871914  -86.306360      978.00  4  5 2019 19  9 34   85.00    1.62    2.26   32.24
NWS010AL   35.043812  -85.436362     1125.00  4 25 2019 11 31 19   72.00    0.31    0.56   32.55
NWS015AL   34.871914  -86.306360      978.00  4 13 2019 10  9 28   79.00    2.90    4.24   30.22
NWS010AL   35.043812  -85.436362     1125.00  4  9 2019  1  2 51   75.00    2.91    0.51   29.12
NWS015AL   34.871914  -86.306360      978.00  4  5 2019 15 35 51   83.00    2.97    3.90   33.87
NWS019AL   35.319141  -85.556360      550.00  4 11 2019 21 34 49   84.00    2.84    1.48   29.21
NWS017AL   35.219142  -85.296361      625.00  4 16 2019  9 58 51   74.00    1.42    1.00   29.99
NWS017AL   35.219142  -85.296361      625.00  4  6 2019 15  0 26   77.00    0.27    0.13   31.28
NWS010AL   35.043812  -85.436362     1125.00  4 18 2019 14 58  2   81.00    0.03    2.83   30.69
NWS008AL   35.141938  -85.366461      500.00  4 16 2019 15 23 38   84.00    2.91    6.22   29.70
NWS008AL   35.141938  -85.366461      500.00  4 11 2019 13 11 20   74.00    0.61    5.32   31.23
NWS017AL   35.219142  -85.296361      625.00  4 30 2019  9 34 45   81.00    1.96    3.83   32.00
NWS010AL   35.043812  -85.436362     1125.00  4 18 2019  3 22  6   82.00    2.60    1.68   32.69
NWS019AL   35.319141  -85.556360      550.00  4 19 2019  2 55 30   82.00    3.00    0.62   33.27
NWS005AL   34.914387  -86.360065      891.00  4 23 2019  1 52 36   75.00    1.35    3.59   30.49
NWS012AL   35.071911  -85.646360     1350.00  4 13 2019 23 37 11   79.00    1.34    6.73   29.42
NWS008AL   35.141938  -85.366461      500.00  4 27 2019  8 11 25   84.00    2.06    5.16   29.21
NWS008AL   35.141938  -85.366461      500.00  4 17 2019 14 58 48   75.00    0.11    4.91   31.18
NWS017AL   35.219142  -85.296361      625.00  4 20 2019 19  9 20   83.00    1.45    4.45   33.06
NWS019AL   35.319141  -85.556360      550.00  4 28 2019  3 27 45   85.00    1.82    6.74   33.11
NWS019AL   35.319141  -85.556360      550.00  4 10 2019 20 41 45   79.00    0.63    2.33   33.65
NWS012AL   35.071911  -85.646360     1350.00  4  1 2019 13 29  5   84.00    2.11    2.52   30.17
NWS010AL   35.043812  -85.436362     1125.00  4 21 2019 23 35 42   75.00    2.51    5.20   31.89
NWS017AL   35.219142  -85.296361      625.00  4 16 2019  8 50 40   77.00    2.88    0.95   33.38
NWS015AL   34.871914  -86.306360      978.00  4 18 2019 21 19 12   83.00    1.04    2.59   33.58
NWS002AL   34.191439  -86.636006      725.00  4 20 2019  1 53 40   78.00    2.05    6.43   33.51
NWS001AL   34.719144  -86.463601      650.00  4  9 2019  4  1 12   75.00    2.46    4.59   30.36
NWS019AL   35.319141  -85.556360      550.00  4 24 2019  0 12 20   77.00    2.63    1.93   32.09
NWS012AL   35.071911  -85.646360     1350.00  4 14 2019  7 37 17   76.00    2.01    3.19   33.95
NWS017AL   35.219142  -85.296361      625.00  4  7 2019 16 34 15   75.00    0.10    5.51   29.63
NWS005AL   34.914387  -86.360065      891.00  4 25 2019 22 35 13   84.00    0.92    0.59   30.12
NWS005AL   34.914387  -86.360065      891.00  4 14 2019  5  2 10   79.00    0.71    0.01   33.22
NWS010AL   35.043812  -85.436362     1125.00  4 26 2019  4 37 59   72.00    0.92    1.84   33.05
NWS015AL   34.871914  -86.306360      978.00  4 23 2019  5 56 35   82.00    2.88    5.21   33.00
NWS012AL   35.071911  -85.646360     1350.00  4 23 2019 13 46 47   83.00    1.61    4.70   29.98
NWS019AL   35.319141  -85.556360      550.00  4  5 2019  6  5 59   84.00    1.29    2.73   33.67
NWS012AL   35.071911  -85.646360     1350.00  4 17 2019 21 27 18   75.00    2.39    4.93   32.41
NWS019AL   35.319141  -85.556360      550.00  4  2 2019 18 30 34   81.00    2.66    3.19   30.25
NWS015AL   34.871914  -86.306360      978.00  4  7 2019  5 16 13   83.00    2.69    4.31   31.32
NWS012AL   35.071911  -85.646360     1350.00  4 11 2019 22 25  5   84.00    0.83    3.94   31.10
NWS017AL   35.219142  -85.296361      625.00  4 22 2019  9 56 40   82.00    0.69    1.65   30.90
NWS017AL   35.219142  -85.296361      625.00  4  7 2019 12 20 23   82.00    2.07    0.20   31.50
NWS015AL   34.871914  -86.306360      978.00  4 24 2019 22  1 30   83.00    2.72    2.77   31.10
NWS010AL   35.043812  -85.436362     1125.00  4 17 2019  1 58 39   72.00    0.08    3.60   33.73
NWS005AL   34.914387  -86.360065      891.00  4 19 2019  4 37 30   85.00    2.02    2.24   30.90
NWS005AL   34.914387  -86.360065      891.00  4 23 2019  7  6 15   80.00    1.87    7.38   29.77
NWS019AL   35.319141  -85.556360      550.00  4 17 2019 22 39 21   74.00    2.58    7.61   32.43
NWS001AL   34.719144  -86.463601      650.00  4  9 2019  0  4  1   74.00    1.40    2.05   32.13
NWS002AL   34.191439  -86.636006      725.00  4  8 2019 11  8 50   82.00    0.76    5.78   32.77
NWS010AL   35.043812  -85.436362     1125.00  4 25 2019 19 37 15   75.00    0.47    5.55   29.85
NWS019AL   35.319141  -85.556360      550.00  4  7 2019  5 21 54   71.00    2.88    6.35   33.13
NWS010AL   35.043812  -85.436362     1125.00  4  5 2019 22  2  5   76.00    2.83    0.40   33.92
NWS002AL   34.191439  -86.636006      725.00  4 10 2019 23 47 31   71.00    1.48    5.33   31.67
NWS017AL   35.219142  -85.296361      625.00  4 20 2019 21 53 19   73.00    0.64    0.54   32.56
NWS017AL   35.219142  -85.296361      625.00  4 13 2019 16 39 41   76.00    1.38    2.53   30.59
NWS019AL   35.319141  -85.556360      550.00  4 26 2019 10  1 16   71.00    1.49    5.65   32.52
NWS017AL   35.219142  -85.296361      625.00  4 21 2019 15 55 47   78.00    1.62    4.19   32.87
NWS017AL   35.219142  -85.296361      625.00  4 15 2019 18 48  1   78.00    1.60    7.50   30.38
NWS010AL   35.043812  -85.436362     1125.00  4 24 2019  1 45 18   77.00    0.98    0.28   32.45
NWS008AL   35.141938  -85.366461      500.00  4 25 2019  6 41 44   70.00    1.37    0.77   32.53
NWS010AL   35.043812  -85.436362     1125.00  4  6 2019  2 31 21   79.00    2.38    0.43   31.47
NWS001AL   34.719144  -86.463601      650.00  4 28 2019  0 23 44   78.00    2.01    3.56   33.40
NWS008AL   35.141938  -85.366461      500.00  4  6 2019  6 52 29   84.00    0.38    3.96   30.26
NWS002AL   34.191439  -86.636006      725.00  4 17 2019 17  4 29   84.00    1.71    3.16   29.23
NWS001AL   34.719144  -86.463601      650.00  4 27 2019 19 13 43   82.00    2.61    6.77   31.04
NWS008AL   35.141938  -85.366461      500.00  4 23 2019  6 50 55   82.00    1.93    3.05   29.16
NWS002AL   34.191439  -86.636006      725.00  4 11 2019  0 29 14   72.00    0.89    7.86   33.33
NWS015AL   34.871914  -86.306360      978.00  4 21 2019 17 22 46   82.00    0.67    6.14   29.75
NWS001AL   34.719144  -86.463601      650.00  4  1 2019 14  1 33   84.00    1.99    5.88   32.66
NWS001AL   34.719144  -86.463601      650.00  4 29 2019 15 20 25   73.00    0.86    6.66   31.72
NWS001AL   34.719144  -86.463601      650.00  4 13 2019  5 19 23   79.00    1.56    3.45   30.58
NWS009AL   34.438719  -86.506463     1200.00  4 11 2019 20 25  1   77.00    0.24    1.27   31.98
NWS010AL   35.043812  -85.436362     1125.00  4  5 2019 12 17 51   75.00    1.57    7.47   33.93
NWS005AL   34.914387  -86.360065      891.00  4 19 2019 10 15 47   79.00    2.82    4.59   31.35
NWS001AL   34.719144  -86.463601      650.00  4 17 2019  9 40 25   80.00    2.96    0.63   29.26
NWS015AL   34.871914  -86.306360      978.00  4  5 2019  8 10 15   78.00    0.02    0.66   31.40
NWS008AL   35.141938  -85.366461      500.00  4 14 2019  3 47 55   75.00    0.75    7.47   33.02
NWS019AL   35.319141  -85.556360      550.00  4 30 2019  4 41 32   83.00    2.24    6.93   30.35
NWS002AL   34.191439  -86.636006      725.00  4 29 2019 10 39 17   77.00    0.93    1.15   32.18
NWS008AL   35.141938  -85.366461      500.00  4  5 2019 16 55 13   83.00    2.73    5.87   29.44
NWS017AL   35.219142  -85.296361      625.00  4  5 2019  1 41 19   74.00    0.50    4.53   30.55
NWS019AL   35.319141  -85.556360      550.00  4 16 2019 18 24  7   84.00    1.75    1.03   33.98
NWS012AL   35.071911  -85.646360     1350.00  4 22 2019  2 49 48   80.00    1.40    3.60   33.58
NWS012AL   35.071911  -85.646360     1350.00  4 18 2019  1 55 21   77.00    2.47    0.57   30.78
NWS008AL   35.141938  -85.366461      500.00  4 26 2019  1 34 30   82.00    0.38    2.54   33.64
NWS001AL   34.719144  -86.463601      650.00  4 15 2019  8 16  1   77.00    0.26    2.26   33.46
NWS012AL   35.071911  -85.646360     1350.00  4 21 2019 18 58 37   84.00    1.74    1.45   33.17
NWS005AL   34.914387  -86.360065      891.00  4 19 2019 14 11  1   73.00    1.86    1.64   32.08
NWS005AL   34.914387  -86.360065      891.00  4  4 2019 14 22 48   71.00    2.16    2.08   33.24
NWS008AL   35.141938  -85.366461      500.00  4  3 2019 22 34 57   82.00    0.21    7.21   31.14
NWS012AL   35.071911  -85.646360     1350.00  4 25 2019 19 57 33   70.00    1.37    0.36   33.64
NWS017AL   35.219142  -85.296361      625.00  4 13 2019 16 18  1   84.00    2.06    2.67   30.37
NWS015AL   34.871914  -86.306360      978.00  4 24 2019  6 32 30   73.00    1.44    4.17   30.57
NWS017AL   35.219142  -85.296361      625.00  4  1 2019 13 23 18   74.00    1.86    3.76   30.85
NWS010AL   35.043812  -85.436362     1125.00  4  3 2019 23 18 59   77.00    1.70    1.62   31.87
NWS002AL   34.191439  -86.636006      725.00  4 14 2019  8 55 56   74.00    2.38    0.39   31.21
NWS012AL   35.071911  -85.646360     1350.00  4 18 2019 10  9 35   75.00    0.56    6.02   29.18
NWS005AL   34.914387  -86.360065      891.00  4 16 2019 13 33  0   79.00    2.42    7.86   32.65
NWS012AL   35.071911  -85.646360     1350.00  4 13 2019  9 39  5   71.00    2.33    5.11   32.22
NWS008AL   35.141938  -85.366461      500.00  4 17 2019  8 45 52   79.00    2.30    3.55   30.23
NWS017AL   35.219142  -85.296361      625.00  4 30 2019  4 32  5   84.00    2.85    2.57   32.34
NWS002AL   34.191439  -86.636006      725.00  4 27 2019 11  1 42   83.00    0.80    5.29   33.77
NWS005AL   34.914387  -86.360065      891.00  4  8 2019 18 20 34   85.00    2.44    0.89   32.45
NWS001AL   34.719144  -86.463601      650.00  4  1 2019 23  7 13   81.00    0.96    0.61   31.40
NWS001AL   34.719144  -86.463601      650.00  4  7 2019  8 52  3   84.00    1.98    7.04   33.96
NWS012AL   35.071911  -85.646360     1350.00  4 27 2019  0 26 37   84.00    2.85    7.42   29.83
NWS012AL   35.071911  -85.646360     1350.00  4  9 2019 12 40 54   72.00    2.53    5.28   32.32
NWS008AL   35.141938  -85.366461      500.00  4 16 2019  6 29 19   77.00    1.86    0.02   33.53
NWS002AL   34.191439  -86.636006      725.00  4 16 2019 15 49 59   74.00    0.10    5.33   33.35
NWS002AL   34.191439  -86.636006      725.00  4 11 2019 11 53 28   82.00    1.60    4.24   29.04
NWS019AL   35.319141  -85.556360      550.00  4 24 2019 11 21 59   77.00    0.94    1.11   33.45
NWS017AL   35.219142  -85.296361      625.00  4 21 2019 16 59 55   80.00    2.00    1.20   31.46
NWS008AL   35.141938  -85.366461      500.00  4 28 2019 17 23 31   85.00    2.17    2.32   30.69
NWS015AL   34.871914  -86.306360      978.00  4 23 2019  3 37 23   79.00    2.40    5.70   33.93
NWS009AL   34.438719  -86.506463     1200.00  4  7 2019 10 39 25   70.00    1.51    1.93   32.43
NWS019AL   35.319141  -85.556360      550.00  4 10 2019  6 53 25   79.00    0.67    2.25   29.73
NWS002AL   34.191439  -86.636006      725.00  4 28 2019 19 19 16   73.00    0.94    0.64   31.24
NWS010AL   35.043812  -85.436362     1125.00  4 21 2019 23 37 26   71.00    1.46    0.54   33.56
NWS019AL   35.319141  -85.556360      550.00  4 24 2019 11  8 21   74.00    2.94    4.56   31.18
NWS017AL   35.219142  -85.296361      625.00  4  5 2019 19  3 14   74.00    2.75    0.73   29.48
NWS005AL   34.914387  -86.360065      891.00  4  2 2019  1 55 14   84.00    0.76    2.25   31.61
NWS005AL   34.914387  -86.360065      891.00  4  4 2019 15 43 12   82.00    2.39    6.54   32.74
NWS012AL   35.071911  -85.646360     1350.00  4  3 2019 10 38 57   79.00    0.40    2.22   30.09
NWS009AL   34.438719  -86.506463     1200.00  4  3 2019  4 22  7   78.00    1.34    2.48   33.80
NWS015AL   34.871914  -86.306360      978.00  4  4 2019  4 24 34   80.00    0.09    0.12   31.03
NWS009AL   34.438719  -86.506463     1200.00  4 28 2019  8 11 59   70.00    2.03    1.08   33.09
NWS001AL   34.719144  -86.463601      650.00  4 20 2019  3 46 47   70.00    0.86    4.07   29.97
NWS017AL   35.219142  -85.296361      625.00  4 11 2019  3 54 16   73.00    2.60    4.97   32.54
NWS002AL   34.191439  -86.636006      725.00  4  9 2019 14 34 49   74.00    1.50    0.82   29.82
NWS019AL   35.319141  -85.556360      550.00  4  3 2019  3  1 42   82.00    0.55    1.06   29.68
NWS010AL   35.043812  -85.436362     1125.00  4  8 2019  2 56 27   71.00    1.65    4.81   33.70
NWS012AL   35.071911  -85.646360     1350.00  4 15 2019 12 29 58   82.00    0.99    7.43   32.27
NWS010AL   35.043812  -85.436362     1125.00  4  6 2019 20 16 28   84.00    0.81    3.08   33.08
NWS008AL   35.141938  -85.366461      500.00  4  7 2019 14 16 44   71.00    0.51    3.82   32.63
NWS019AL   35.319141  -85.556360      550.00  4 27 2019  2  2  2   77.00    2.99    2.27   29.23
NWS019AL   35.319141  -85.556360      550.00  4  6 2019 17 44 14   73.00    2.02    7.60   32.66
NWS002AL   34.191439  -86.636006      725.00  4 14 2019 21 57 13   71.00    0.20    7.37   29.56
NWS012AL   35.071911  -85.646360     1350.00  4 12 2019 14  8 35   72.00    2.32    6.59   33.25
NWS019AL   35.319141  -85.556360      550.00  4 13 2019 17 53  8   84.00    0.19    4.38   30.07
NWS008AL   35.141938  -85.366461      500.00  4  4 2019 18 52 49   75.00    1.80    0.90   31.98
NWS005AL   34.914387  -86.360065      891.00  4  3 2019  9 54  9   76.00    0.97    2.59   31.16
NWS009AL   34.438719  -86.506463     1200.00  4 25 2019  4 48 13   85.00    2.00    6.87   31.97
NWS010AL   35.043812  -85.436362     1125.00  4 26 2019  3  1 44   81.00    1.25    2.80   29.63
NWS005AL   34.914387  -86.360065      891.00  4  6 2019 16 52 28   74.00    1.89    3.16   32.04
NWS019AL   35.319141  -85.556360      550.00  4 27 2019 12 56 18   75.00    2.39    0.67   30.85
NWS001AL   34.719144  -86.463601      650.00  4 17 2019 14 43 25   84.00    0.19    1.55   33.78
NWS015AL   34.871914  -86.306360      978.00  4 15 2019 21 13  2   82.00    2.22    4.34   29.94
NWS002AL   34.191439  -86.636006      725.00  4  3 2019 12  9 35   76.00    2.13    1.19   32.08
NWS015AL   34.871914  -86.306360      978.00  4  2 2019 13  1 59   84.00    1.50    6.92   29.11
NWS005AL   34.914387  -86.360065      891.00  4 30 2019 17  7 25   80.00    1.11    3.22   29.63
NWS019AL   35.319141  -85.556360      550.00  4 19 2019  4 11 58   70.00    0.95    5.21   32.86
NWS012AL   35.071911  -85.646360     1350.00  4 16 2019 10 18 56   82.00    1.33    4.57   30.94
NWS005AL   34.914387  -86.360065      891.00  4 30 2019  9 22  5   78.00    2.83    6.92   29.32
NWS005AL   34.914387  -86.360065      891.00  4  9 2019 13 44 58   85.00    2.16    6.87   32.69
NWS017AL   35.219142  -85.296361      625.00  4  9 2019  6 25 39   79.00    1.42    1.28   31.20
NWS019AL   35.319141  -85.556360      550.00  4 29 2019  3 58 43   75.00    0.18    3.79   30.42
NWS008AL   35.141938  -85.366461      500.00  4  4 2019 12  0 28   77.00    0.43    5.90   29.57
NWS001AL   34.719144  -86.463601      650.00  4  6 2019 16 20 17   75.00    0.84    2.55   29.34
NWS019AL   35.319141  -85.556360      550.00  4  5 2019 16 40 38   71.00    0.90    0.88   31.33
NWS005AL   34.914387  -86.360065      891.00  4 10 2019 18 10 51   73.00    2.68    1.09   29.60
NWS001AL   34.719144  -86.463601      650.00  4 11 2019  9  7 34   73.00    0.90    5.35   32.83
NWS017AL   35.219142  -85.296361      625.00  4 14 2019  7 39 57   82.00    0.05    6.72   32.03
NWS019AL   35.319141  -85.556360      550.00  4 21 2019  1 19  1   80.00    0.77    6.10   33.14
NWS009AL   34.438719  -86.506463     1200.00  4 25 2019  5 19 36   83.00    2.31    6.31   32.41
NWS012AL   35.071911  -85.646360     1350.00  4 25 2019  1 14 32   76.00    0.19    5.89   31.55
NWS009AL   34.438719  -86.506463     1200.00  4  8 2019  9 20 25   79.00    2.10    1.54   29.69
NWS015AL   34.871914  -86.306360      978.00  4  3 2019 22 36 30   79.00    2.73    2.50   31.06
NWS002AL   34.191439  -86.636006      725.00  4 22 2019  8 39 46   75.00    2.92    3.15   29.89
NWS017AL   35.219142  -85.296361      625.00  4 15 2019 10 52 59   74.00    1.80    6.60   31.87
NWS008AL   35.141938  -85.366461      500.00  4 23 2019 21 56 59   84.00    0.68    7.72   30.33
NWS010AL   35.043812  -85.436362     1125.00  4  1 2019  7 22 20   75.00    0.05    2.60   30.51
NWS009AL   34.438719  -86.506463     1200.00  4  3 2019 22 55 25   82.00    1.23    3.28   30.01
NWS019AL   35.319141  -85.556360      550.00  4 25 2019  9 26 57   71.00    0.25    5.15   29.70
NWS008AL   35.141938  -85.366461      500.00  4 14 2019  5  8 33   85.00    1.46    4.59   32.41
NWS002AL   34.191439  -86.636006      725.00  4 30 2019 16  3 59   81.00    1.10    6.11   29.89
NWS001AL   34.719144  -86.463601      650.00  4 28 2019  0 29 43   74.00    2.13    0.68   32.94
NWS017AL   35.219142  -85.296361      625.00  4  7 2019 18 23 40   84.00    1.06    4.61   29.05
NWS019AL   35.319141  -85.556360      550.00  4  9 2019  4 10 15   74.00    1.78    3.76   30.04
NWS008AL   35.141938  -85.366461      500.00  4  1 2019 19  9 19   75.00    0.10    5.35   30.51
NWS017AL   35.219142  -85.296361      625.00  4 19 2019 10 31 21   75.00    0.04    4.16   30.50
NWS008AL   35.141938  -85.366461      500.00  4  9 2019 22 40 25   75.00    1.67    4.47   30.86
NWS012AL   35.071911  -85.646360     1350.00  4 27 2019 14 16 41   80.00    2.28    5.47   29.59
NWS019AL   35.319141  -85.556360      550.00  4  6 2019 21 57 11   81.00    2.26    4.27   29.10
NWS008AL   35.141938  -85.366461      500.00  4 30 2019 19  4  2   73.00    2.01    3.19   32.55
NWS015AL   34.871914  -86.306360      978.00  4 20 2019 21 20 41   77.00    2.89    7.23   31.18
NWS019AL   35.319141  -85.556360      550.00  4 30 2019 15 19 23   83.00    2.78    2.01   33.12
NWS009AL   34.438719  -86.506463     1200.00  4 10 2019 23  4 55   79.00    1.50    2.69   30.60
NWS005AL   34.914387  -86.360065      891.00  4 13 2019 20 33 20   85.00    2.54    4.43   32.10
NWS001AL   34.719144  -86.463601      650.00  4  7 2019 13 54 40   72.00    0.17    1.14   33.97
NWS002AL   34.191439  -86.636006      725.00  4  8 2019 21 28 10   81.00    0.65    2.53   33.85
NWS005AL   34.914387  -86.360065      891.00  4 21 2019 16 15 44   72.00    1.52    0.81   32.49
NWS015AL   34.871914  -86.306360      978.00  4  7 2019 20 26 12   82.00    1.76    6.46   30.58
NWS010AL   35.043812  -85.436362     1125.00  4  7 2019  3 32 11   78.00    2.74    0.17   30.45
NWS001AL   34.719144  -86.463601      650.00  4 11 2019 17 25  8   72.00    1.89    6.35   33.11
NWS008AL   35.141938  -85.366461      500.00  4 14 2019  0 18 54   75.00    2.55    6.15   32.08
NWS015AL   34.871914  -86.306360      978.00  4 13 2019 11 22 44   74.00    0.70    1.13   32.46
NWS001AL   34.719144  -86.463601      650.00  4 15 2019  0 17 55   83.00    2.68    4.23   31.29
NWS015AL   34.871914  -86.306360      978.00  4  5 2019 10 55 51   80.00    2.79    4.01   33.40
NWS012AL   35.071911  -85.646360     1350.00  4 29 2019  7  5 14   84.00    0.86    4.02   32.72
NWS008AL   35.141938  -85.366461      500.00  4 13 2019 13 13 51   81.00    0.58    3.91   29.13
NWS017AL   35.219142  -85.296361      625.00  4 30 2019 15 54 30   70.00    0.61    7.11   30.44
NWS001AL   34.719144  -86.463601      650.00  4 19 2019  4 56 10   80.00    2.45    0.06   31.59
NWS009AL   34.438719  -86.506463     1200.00  4  8 2019  5 33 33   85.00    2.81    3.34   33.89
NWS005AL   34.914387  -86.360065      891.00  4  1 2019 16 41 37   73.00    2.01    4.29   30.22
NWS002AL   34.191439  -86.636006      725.00  4  3 2019 22  6 11   84.00    1.67    5.68   30.17
NWS009AL   34.438719  -86.506463     1200.00  4 12 2019  0 55 17   74.00    1.62    6.51   30.68
NWS005AL   34.914387  -86.360065      891.00  4 13 2019  4 50  9   70.00    2.41    5.36   30.07
NWS015AL   34.871914  -86.306360      978.00  4  2 2019  0 43 20   70.00    2.88    4.60   30.77
NWS005AL   34.914387  -86.360065      891.00  4 19 2019  2 53 49   72.00    0.20    0.80   29.89
NWS009AL   34.438719  -86.506463     1200.00  4 16 2019  5 45 38   73.00    2.07    2.40   33.99
NWS001AL   34.719144  -86.463601      650.00  4 30 2019 12 35 23   73.00    0.89    6.98   29.84
NWS002AL   34.191439  -86.636006      725.00  4 26 2019  9 10 54   84.00    2.98    4.82   29.05
NWS005AL   34.914387  -86.360065      891.00  4 25 2019 14 53 48   85.00    2.21    3.23   33.04
NWS005AL   34.914387  -86.360065      891.00  4 20 2019  7  3 47   78.00    0.18    4.29   31.45
NWS017AL   35.219142  -85.296361      625.00  4 11 2019 23  7 13   82.00    0.96    2.09   31.57
NWS005AL   34.914387  -86.360065      891.00  4 15 2019 14  8 16   71.00    0.24    2.71   32.18
NWS012AL   35.071911  -85.646360     1350.00  4 12 2019 22 19  6   72.00    0.56    0.02   29.50
NWS012AL   35.071911  -85.646360     1350.00  4 24 2019 21 17 10   70.00    0.03    0.71   30.76
NWS019AL   35.319141  -85.556360      550.00  4 27 2019  6 35 52   70.00    2.10    0.13   30.12
NWS017AL   35.219142  -85.296361      625.00  4 16 2019  1 19 22   83.00    0.03    5.93   31.10
NWS001AL   34.719144  -86.463601      650.00  4  7 2019  0 45 42   73.00    0.44    6.82   29.89
NWS001AL   34.719144  -86.463601      650.00  4 23 2019 16 21 30   79.00    0.75    0.13   30.04
NWS001AL   34.719144  -86.463601      650.00  4 29 2019  2 21 56   82.00    0.86    7.74   30.64
NWS019AL   35.319141  -85.556360      550.00  4 23 2019  3 51 24   76.00    0.61    0.27   32.43
NWS002AL   34.191439  -86.636006      725.00  4 27 2019 11 30 58   82.00    1.88    2.84   33.55
NWS005AL   34.914387  -86.360065      891.00  4  5 2019  1 12  1   75.00    2.54    6.63   33.91
NWS002AL   34.191439  -86.636006      725.00  4 28 2019  6 23 47   79.00    0.57    4.55   31.32
NWS015AL   34.871914  -86.306360      978.00  4 15 2019 13 55 40   79.00    1.40    1.61   31.69
NWS001AL   34.719144  -86.463601      650.00  4 27 2019 20  1 39   83.00    2.14    0.67   31.86
NWS012AL   35.071911  -85.646360     1350.00  4  7 2019 12 28 35   85.00    0.01    4.81   31.23
NWS005AL   34.914387  -86.360065      891.00  4  7 2019  3 30 59   83.00    1.01    0.03   30.68
NWS002AL   34.191439  -86.636006      725.00  4 15 2019  7  5 41   81.00    0.56    4.73   30.22
NWS009AL   34.438719  -86.506463     1200.00  4  5 2019 22 50 31   83.00    2.46    6.75   29.27
NWS012AL   35.071911  -85.646360     1350.00  4 21 2019 19 55  8   83.00    0.24    6.05   30.00
NWS019AL   35.319141  -85.556360      550.00  4 27 2019 13  8  8   74.00    1.25    7.34   30.65
NWS009AL   34.438719  -86.506463     1200.00  4  6 2019  1 54 27   72.00    1.75    0.39   33.48
NWS017AL   35.219142  -85.296361      625.00  4 12 2019  0  8 26   74.00    1.54    5.43   32.77
NWS010AL   35.043812  -85.436362     1125.00  4 10 2019  5  3 44   75.00    1.87    1.04   33.24
NWS008AL   35.141938  -85.366461      500.00  4 13 2019 22 28  6   70.00    2.97    5.25   30.71
NWS009AL   34.438719  -86.506463     1200.00  4 18 2019 23 37 56   72.00    1.72    0.31   33.92
NWS009AL   34.438719  -86.506463     1200.00  4  3 2019 20 12 33   78.00    2.17    4.20   30.34
NWS005AL   34.914387  -86.360065      891.00  4 11 2019 15 46 10   74.00    1.27    4.00   33.37
NWS015AL   34.871914  -86.306360      978.00  4  4 2019 17 53  3   84.00    2.30    2.01   29.79
NWS010AL   35.043812  -85.436362     1125.00  4 13 2019 17 27  3   79.00    1.57    5.64   31.13
NWS017AL   35.219142  -85.296361      625.00  4 22 2019  6 23 58   76.00    2.55    6.43   33.23
NWS005AL   34.914387  -86.360065      891.00  4 22 2019  2 16  7   82.00    2.68    5.12   31.24
NWS002AL   34.191439  -86.636006      725.00  4 20 2019  8 22 11   81.00    1.21    5.84   32.68
NWS002AL   34.191439  -86.636006      725.00  4 21 2019 18 31  2   84.00    2.68    7.09   33.68
NWS012AL   35.071911  -85.646360     1350.00  4 16 2019 19 50 28   73.00    0.97    3.85   33.03
NWS017AL   35.219142  -85.296361      625.00  4 11 2019 15 19  8   83.00    2.38    6.32   30.88
NWS009AL   34.438719  -86.506463     1200.00  4  8 2019 17 20 47   76.00    1.82    3.56   31.83
NWS002AL   34.191439  -86.636006      725.00  4 15 2019  8  2 57   77.00    2.66    3.29   29.02
NWS017AL   35.219142  -85.296361      625.00  4 26 2019 12 34  6   72.00    0.93    5.20   30.97
NWS019AL   35.319141  -85.556360      550.00  4 18 2019  8 41 59   77.00    1.84    7.26   31.40
NWS005AL   34.914387  -86.360065      891.00  4  8 2019  5 16 35   76.00    1.93    4.66   31.70
NWS010AL   35.043812  -85.436362     1125.00  4  4 2019 21  9 17   79.00    1.84    7.61   29.01
NWS017AL   35.219142  -85.296361      625.00  4  3 2019  2 56 21   77.00    1.28    3.12   31.30
NWS017AL   35.219142  -85.296361      625.00  4 10 2019 16 49 38   84.00    1.31    7.38   31.00
NWS008AL   35.141938  -85.366461      500.00  4 22 2019  3 43 11   84.00    2.24    4.75   30.81
NWS019AL   35.319141  -85.556360      550.00  4  9 2019 13  5 15   74.00    0.13    4.39   30.58
NWS009AL   34.438719  -86.506463     1200.00  4  8 2019 11 54 27   82.00    2.28    4.92   31.82
NWS010AL   35.043812  -85.436362     1125.00  4  5 2019 12 51  9   84.00    1.39    0.85   33.85
NWS015AL   34.871914  -86.306360      978.00  4  7 2019 12 27 17   85.00    2.27    0.69   32.24
NWS010AL   35.043812  -85.436362     1125.00  4 12 2019 16 36  6   85.00    2.46    3.40   33.83
NWS005AL   34.914387  -86.360065      891.00  4  6 2019  4 24 21   73.00    0.18    3.98   31.87
NWS005AL   34.914387  -86.360065      891.00  4 10 2019 18  9 37   85.00    0.35    7.76   30.15
NWS005AL   34.914387  -86.360065      891.00  4 30 2019  6 12 25   83.00    1.99    2.46   29.45
NWS015AL   34.871914  -86.306360      978.00  4 18 2019  1 39 10   70.00    0.61    1.15   30.09
NWS012AL   35.071911  -85.646360     1350.00  4 15 2019  8 51 44   83.00    0.79    7.71   30.58
NWS015AL   34.871914  -86.306360      978.00  4 20 2019 18 46 40   81.00    2.60    6.10   30.55
NWS017AL   35.219142  -85.296361      625.00  4  7 2019 14 23 21   76.00    2.81    7.83   32.17
NWS012AL   35.071911  -85.646360     1350.00  4  3 2019 14 20 54   71.00    1.08    3.82   32.69
NWS012AL   35.071911  -85.646360     1350.00  4 27 2019  1 15 32   80.00    2.35    5.59   31.92
NWS012AL   35.071911  -85.646360     1350.00  4 27 2019  4 12 22   85.00    2.89    0.94   30.55
NWS009AL   34.438719  -86.506463     1200.00  4 17 2019  8 33 50   85.00    1.34    0.19   32.46
NWS001AL   34.719144  -86.463601      650.00  4 10 2019 18 25 42   84.00    0.64    5.48   30.42
NWS017AL   35.219142  -85.296361      625.00  4 16 2019  6 22 37   70.00    2.87    1.85   31.91
NWS019AL   35.319141  -85.556360      550.00  4 12 2019 10 51 45   70.00    0.72    6.52   29.19
NWS019AL   35.319141  -85.556360      550.00  4 23 2019 10 59 10   71.00    0.85    6.85   29.51
NWS017AL   35.219142  -85.296361      625.00  4 20 2019 17 16 49   73.00    1.82    2.88   33.59
NWS010AL   35.043812  -85.436362     1125.00  4 19 2019 21 58 11   70.00    0.15    2.17   33.99
NWS002AL   34.191439  -86.636006      725.00  4 28 2019  6 15 41   85.00    0.53    4.39   29.44
NWS001AL   34.719144  -86.463601      650.00  4 19 2019 17  5  3   73.00    0.24    7.13   30.01
NWS010AL   35.043812  -85.436362     1125.00  4 10 2019 11 52 14   74.00    0.31    0.31   32.77
NWS005AL   34.914387  -86.360065      891.00  4  7 2019 18 35 12   76.00    0.00    3.16   30.89
NWS005AL   34.914387  -86.360065      891.00  4 20 2019 13 26  8   84.00    0.18    7.11   30.45
NWS015AL   34.871914  -86.306360      978.00  4  6 2019 19 21 40   78.00    1.40    2.45   30.32
NWS010AL   35.043812  -85.436362     1125.00  4 22 2019 19 51 50   83.00    2.88    1.93   33.03
NWS008AL   35.141938  -85.366461      500.00  4 11 2019  7 14 34   71.00    1.67    4.45   33.50
NWS017AL   35.219142  -85.296361      625.00  4 21 2019 21 18 16   74.00    2.06    0.06   29.59
NWS009AL   34.438719  -86.506463     1200.00  4 12 2019  6 30 47   82.00    2.67    3.87   29.78
NWS009AL   34.438719  -86.506463     1200.00  4 30 2019  1  1  5   83.00    1.77    0.38   32.11
NWS012AL   35.071911  -85.646360     1350.00  4 20 2019 13  9 23   73.00    0.61    7.64   32.66
NWS019AL   35.319141  -85.556360      550.00  4  9 2019 20 36 52   85.00    0.51    1.80   29.97
NWS010AL   35.043812  -85.436362     1125.00  4 13 2019  0 20 59   80.00    0.79    4.77   33.36
NWS005AL   34.914387  -86.360065      891.00  4  1 2019  6 26  4   84.00    0.67    5.05   33.48
NWS015AL   34.871914  -86.306360      978.00  4 26 2019  4  9 47   80.00    2.00    0.77   31.18
NWS010AL   35.043812  -85.436362     1125.00  4 16 2019 10 30 32   79.00    1.94    2.97   31.26
NWS009AL   34.438719  -86.506463     1200.00  4 10 2019 16  9 43   71.00    0.14    3.72   31.19
NWS005AL   34.914387  -86.360065      891.00  4 20 2019 23 48 39   77.00    2.27    7.50   29.62
NWS001AL   34.719144  -86.463601      650.00  4  4 2019 14 12 37   85.00    0.34    7.69   32.78
NWS008AL   35.141938  -85.366461      500.00  4  1 2019  9  2 39   84.00    2.36    2.92   30.31
NWS010AL   35.043812  -85.436362     1125.00  4 16 2019 19 56 30   77.00    0.41    0.07   33.40
NWS001AL   34.719144  -86.463601      650.00  4  3 2019 13 47 18   74.00    1.60    4.26   31.19
NWS012AL   35.071911  -85.646360     1350.00  4  3 2019 17 23 30   84.00    2.52    5.79   30.56
NWS019AL   35.319141  -85.556360      550.00  4 23 2019 19 31 16   81.00    1.24    0.54   30.52
NWS019AL   35.319141  -85.556360      550.00  4 23 2019 11 29 17   83.00    0.24    7.88   29.19
NWS002AL   34.191439  -86.636006      725.00  4 18 2019  3 25 25   76.00    0.32    3.26   31.03
NWS009AL   34.438719  -86.506463     1200.00  4 10 2019 21  2 24   76.00    1.57    2.66   31.58
NWS009AL   34.438719  -86.506463     1200.00  4 27 2019  4 48 44   79.00    0.54    4.55   31.50
NWS019AL   35.319141  -85.556360      550.00  4 22 2019 20 13 34   74.00    2.97    1.81   33.87
NWS017AL   35.219142  -85.296361      625.00  4 15 2019  1 24 36   76.00    2.20    5.78   32.40
NWS017AL   35.219142  -85.296361      625.00  4 21 2019  4 41 51   72.00    0.04    0.15   32.09
NWS017AL   35.219142  -85.296361      625.00  4 22 2019 17 51 25   82.00    1.70    6.38   31.89
NWS001AL   34.719144  -86.463601      650.00  4  9 2019 23 59 13   70.00    2.26    2.33   32.18
NWS001AL   34.719144  -86.463601      650.00  4 28 2019  0 33 49   84.00    1.45    5.93   32.63
NWS019AL   35.319141  -85.556360      550.00  4  6 2019  1 27  0   78.00    2.78    1.63   32.22
NWS008AL   35.141938  -85.366461      500.00  4 20 2019  0 23  0   76.00    0.03    3.67   31.90
NWS009AL   34.438719  -86.506463     1200.00  4  4 2019 19 20 32   81.00    2.97    7.15   31.92
NWS005AL   34.914387  -86.360065      891.00  4 27 2019 13 26 36   81.00    1.60    4.78   29.03
NWS017AL   35.219142  -85.296361      625.00  4  9 2019  3  5 31   71.00    2.41    1.42   31.25
NWS015AL   34.871914  -86.306360      978.00  4  1 2019 16 41 39   70.00    0.69    7.88   31.42
NWS009AL   34.438719  -86.506463     1200.00  4 11 2019 17 23 15   82.00    2.32    4.37   29.70
NWS010AL   35.043812  -85.436362     1125.00  4 12 2019 10 23 39   82.00    1.71    6.70   32.45
NWS008AL   35.141938  -85.366461      500.00  4 11 2019 11 58 31   80.00    2.85    5.88   32.84
NWS001AL   34.719144  -86.463601      650.00  4 16 2019 11 39 50   81.00    0.74    6.13   30.42
NWS017AL   35.219142  -85.296361      625.00  4 15 2019  9 48 38   78.00    2.80    5.40   30.66
NWS009AL   34.438719  -86.506463     1200.00  4  3 2019  2 18 46   70.00    0.45    6.14   32.57
NWS010AL   35.043812  -85.436362     1125.00  4  8 2019 19 32 15   79.00    0.58    3.30   32.64
NWS015AL   34.871914  -86.306360      978.00  4 26 2019 18 26  2   73.00    2.27    7.32   32.15
NWS017AL   35.219142  -85.296361      625.00  4 27 2019 19 34 39   79.00    0.02    4.52   32.00
NWS015AL   34.871914  -86.306360      978.00  4 14 2019 21 56 37   84.00    0.92    7.99   29.03
NWS015AL   34.871914  -86.306360      978.00  4  3 2019  9 49 15   73.00    0.14    2.57   33.43
NWS017AL   35.219142  -85.296361      625.00  4  4 2019 18 10  6   75.00    2.10    2.23   30.21
NWS008AL   35.141938  -85.366461      500.00  4 30 2019 23  6 31   83.00    2.53    5.58   33.15
NWS010AL   35.043812  -85.436362     1125.00  4 26 2019 12  7  9   75.00    0.97    5.35   31.36
NWS008AL   35.141938  -85.366461      500.00  4 30 2019  3 58  3   82.00    0.89    4.77   29.69
NWS015AL   34.871914  -86.306360      978.00  4 24 2019  5 47 10   71.00    2.02    2.55   31.88
NWS012AL   35.071911  -85.646360     1350.00  4 22 2019  8 59 19   71.00    0.16    1.05   30.49
NWS012AL   35.071911  -85.646360     1350.00  4 14 2019 22 54 36   77.00    0.29    1.57   32.33
NWS012AL   35.071911  -85.646360     1350.00  4  1 2019  4 28 11   70.00    1.69    7.31   31.68
NWS015AL   34.871914  -86.306360      978.00  4  8 2019 18 23 34   72.00    0.86    7.33   30.59
NWS005AL   34.914387  -86.360065      891.00  4 15 2019 21 54 26   85.00    2.27    5.09   30.28
NWS002AL   34.191439  -86.636006      725.00  4 10 2019  3 22 20   70.00    2.40    6.80   32.39
NWS001AL   34.719144  -86.463601      650.00  4  4 2019  7 42 24   71.00    2.51    6.47   29.47
NWS019AL   35.319141  -85.556360      550.00  4  9 2019  8  9  0   82.00    2.20    5.92   29.34
NWS005AL   34.914387  -86.360065      891.00  4 17 2019  9 14 33   74.00    2.15    5.60   29.01
NWS002AL   34.191439  -86.636006      725.00  4  3 2019  7 42 16   82.00    0.25    5.82   33.23
NWS012AL   35.071911  -85.646360     1350.00  4 13 2019 10  7 54   70.00    0.99    2.11   29.49
NWS009AL   34.438719  -86.506463     1200.00  4 16 2019  8 32  4   76.00    2.03    4.98   30.49
NWS010AL   35.043812  -85.436362     1125.00  4  9 2019  5 12 35   76.00    1.43    2.41   32.52
NWS001AL   34.719144  -86.463601      650.00  4 27 2019  3 49 45   79.00    0.27    3.52   33.40
NWS009AL   34.438719  -86.506463     1200.00  4 30 2019  6 28 23   70.00    0.61    5.92   31.30
NWS009AL   34.438719  -86.506463     1200.00  4  5 2019 10 56 34   80.00    2.38    7.13   31.87
NWS005AL   34.914387  -86.360065      891.00  4  1 2019 19  8 22   75.00    1.66    0.92   29.15
NWS005AL   34.914387  -86.360065      891.00  4 25 2019 16 10 16   80.00    0.08    1.94   31.22
NWS002AL   34.191439  -86.636006      725.00  4 22 2019 21  7 42   79.00    2.09    6.04   30.77
NWS017AL   35.219142  -85.296361      625.00  4 30 2019 18 44  1   80.00    2.65    7.58   32.09
NWS001AL   34.719144  -86.463601      650.00  4 13 2019  6 33 13   71.00    2.54    7.62   30.57
NWS002AL   34.191439  -86.636006      725.00  4 16 2019 20 45 53   82.00    2.70    0.21   33.31
NWS015AL   34.871914  -86.306360      978.00  4 14 2019  4 41 44   80.00    0.13    0.88   30.17
NWS010AL   35.043812  -85.436362     1125.00  4 11 2019  3  1 43   74.00    2.26    2.66   30.17
NWS009AL   34.438719  -86.506463     1200.00  4 14 2019  7 33 32   81.00    0.08    3.60   31.16
NWS005AL   34.914387  -86.360065      891.00  4 25 2019  9 32 32   83.00    0.32    2.16   30.62
NWS019AL   35.319141  -85.556360      550.00  4 26 2019  2 25 31   71.00    1.75    7.63   31.59
NWS008AL   35.141938  -85.366461      500.00  4 26 2019  3 10 33   78.00    2.95    2.10   32.02
NWS008AL   35.141938  -85.366461      500.00  4 23 2019  1 19 13   85.00    2.77    3.04   29.87
NWS002AL   34.191439  -86.636006      725.00  4 11 2019 11 48 21   81.00    2.10    2.87   33.03
NWS017AL   35.219142  -85.296361      625.00  4  9 2019  8 58 23   84.00    1.25    0.18   29.20
NWS005AL   34.914387  -86.360065      891.00  4  6 2019 16 41 45   78.00    1.74    6.40   32.74
NWS015AL   34.871914  -86.306360      978.00  4  6 2019  1 44 29   72.00    1.01    1.07   29.09
NWS008AL   35.141938  -85.366461      500.00  4 30 2019  9 13 30   80.00    1.14    4.52   32.12
NWS019AL   35.319141  -85.556360      550.00  4 11 2019  3 27 50   75.00    1.04    7.54   33.63
NWS010AL   35.043812  -85.436362     1125.00  4 30 2019 11 24 21   71.00    1.06    3.00   31.90
NWS019AL   35.319141  -85.556360      550.00  4 28 2019  7  4 18   77.00    2.56    4.38   33.02
NWS010AL   35.043812  -85.436362     1125.00  4 12 2019 23 11 51   80.00    0.99    2.80   32.72
NWS002AL   34.191439  -86.636006      725.00  4 21 2019  7 33 54   75.00    2.08    4.90   32.78
NWS010AL   35.043812  -85.436362     1125.00  4 10 2019 12 15 49   78.00    0.78    7.28   33.49
NWS009AL   34.438719  -86.506463     1200.00  4  5 2019 17 30 50   77.00    0.35    0.15   30.47
NWS002AL   34.191439  -86.636006      725.00  4 19 2019  2  3 13   77.00    2.61    2.46   33.54
NWS009AL   34.438719  -86.506463     1200.00  4 25 2019  5 49 50   76.00    1.39    0.16   30.31
NWS019AL   35.319141  -85.556360      550.00  4 19 2019  5  1 48   77.00    0.98    7.84   29.06
NWS019AL   35.319141  -85.556360      550.00  4 15 2019 17 31  0   71.00    1.19    1.27   30.94
NWS017AL   35.219142  -85.296361      625.00  4 22 2019 13 37 44   70.00    0.66    7.42   32.36
NWS019AL   35.319141  -85.556360      550.00  4 11 2019 15 39 14   77.00    1.07    7.18   30.71
NWS015AL   34.871914  -86.306360      978.00  4 20 2019 10 25 35   79.00    1.81    5.06   31.89
NWS009AL   34.438719  -86.506463     1200.00  4 24 2019  4 11 49   70.00    1.86    3.71   30.02
NWS012AL   35.071911  -85.646360     1350.00  4  1 2019 10 11 17   83.00    0.97    7.72   30.33
NWS001AL   34.719144  -86.463601      650.00  4  5 2019 18 18 22   77.00    1.68    1.98   33.88
NWS019AL   35.319141  -85.556360      550.00  4 27 2019 15 59 18   73.00    2.75    4.71   32.96
NWS001AL   34.719144  -86.463601      650.00  4 26 2019 22  1 33   81.00    0.53    3.58   32.18
NWS017AL   35.219142  -85.296361      625.00  4  5 2019  4 38 20   82.00    1.10    2.75   30.76
NWS017AL   35.219142  -85.296361      625.00  4  4 2019  5 32 41   73.00    1.78    2.35   29.12
NWS002AL   34.191439  -86.636006      725.00  4 12 2019 20 31 23   75.00    2.74    5.47   29.31
NWS012AL   35.071911  -85.646360     1350.00  4 14 2019 12 28 15   71.00    2.31    0.65   32.29
NWS010AL   35.043812  -85.436362     1125.00  4 10 2019  4 19 36   83.00    0.73    7.08   30.05
NWS001AL   34.719144  -86.463601      650.00  4 29 2019  8 20 25   71.00    0.68    5.24   31.25
NWS015AL   34.871914  -86.306360      978.00  4 14 2019 14 42 40   70.00    1.60    5.34   29.67
NWS008AL   35.141938  -85.366461      500.00  4 16 2019 17 49 27   76.00    2.59    7.07   33.73
NWS001AL   34.719144  -86.463601      650.00  4 19 2019  9 57 25   84.00    2.73    4.28   33.85
NWS001AL   34.719144  -86.463601      650.00  4 20 2019 16 39  3   81.00    1.23    1.19   29.47
NWS008AL   35.141938  -85.366461      500.00  4 22 2019 14 27 53   79.00    0.99    4.63   29.85
NWS015AL   34.871914  -86.306360      978.00  4  5 2019 12 35 58   78.00    1.65    6.23   29.06
NWS012AL   35.071911  -85.646360     1350.00  4  3 2019 21 57  7   78.00    1.40    3.14   31.44
NWS009AL   34.438719  -86.506463     1200.00  4 22 2019 17 24  9   85.00    1.64    4.46   33.82
NWS009AL   34.438719  -86.506463     1200.00  4 20 2019  8 19 58   84.00    1.24    7.78   33.95
NWS001AL   34.719144  -86.463601      650.00  4  1 2019  1  5 24   76.00    0.48    3.57   30.04
NWS019AL   35.319141  -85.556360      550.00  4  9 2019  5 18 35   80.00    2.62    4.55   29.33
NWS002AL   34.191439  -86.636006      725.00  4 27 2019 11 43 30   75.00    0.42    7.48   32.14
NWS012AL   35.071911  -85.646360     1350.00  4 11 2019  4 16 22   78.00    1.92    4.94   33.61
NWS015AL   34.871914  -86.306360      978.00  4  6 2019  5 47 37   72.00    0.84    7.97   29.70
NWS009AL   34.438719  -86.506463     1200.00  4 16 2019 16 19 43   75.00    1.96    3.46   31.87
NWS009AL   34.438719  -86.506463     1200.00  4 14 2019 17  7 33   72.00    1.95    7.92   31.14
NWS001AL   34.719144  -86.463601      650.00  4 21 2019 23 37 28   70.00    2.71    3.63   33.61
NWS009AL   34.438719  -86.506463     1200.00  4  6 2019  7 47 19   75.00    1.17    3.14   29.76
NWS019AL   35.319141  -85.556360      550.00  4 24 2019 10 45 25   79.00    2.51    7.57   32.98
NWS019AL   35.319141  -85.556360      550.00  4 12 2019 23 15 19   82.00    2.90    5.19   29.09
NWS009AL   34.438719  -86.506463     1200.00  4  3 2019  8  3  8   76.00    2.53    3.55   32.04
NWS001AL   34.719144  -86.463601      650.00  4  4 2019 13 57 39   73.00    0.69    5.68   33.39
NWS017AL   35.219142  -85.296361      625.00  4 28 2019 18 49 20   85.00    1.55    7.79   31.04
NWS017AL   35.219142  -85.296361      625.00  4 26 2019 19 10 34   84.00    0.14    2.02   31.54
NWS017AL   35.219142  -85.296361      625.00  4 11 2019 13  4 49   85.00    0.36    0.10   29.16
NWS002AL   34.191439  -86.636006      725.00  4 15 2019  3 41 30   70.00    0.75    4.59   29.36
NWS001AL   34.719144  -86.463601      650.00  4 22 2019 10 54 15   77.00    1.81    3.75   32.84
NWS005AL   34.914387  -86.360065      891.00  4 28 2019 14 58 12   83.00    0.10    0.38   30.32
NWS012AL   35.071911  -85.646360     1350.00  4  8 2019  5 21 18   83.00    1.19    7.16   31.16
NWS001AL   34.719144  -86.463601      650.00  4  9 2019 18 48  7   73.00    1.09    0.68   31.05
NWS001AL   34.719144  -86.463601      650.00  4  3 2019  6 18 10   74.00    0.76    1.26   31.25
NWS002AL   34.191439  -86.636006      725.00  4 13 2019 12 47  9   80.00    1.33    5.32   32.43
NWS010AL   35.043812  -85.436362     1125.00  4 18 2019 10 41 47   75.00    0.15    1.37   29.15
NWS002AL   34.191439  -86.636006      725.00  4 26 2019 23 34  3   79.00    0.09    1.16   30.60
NWS005AL   34.914387  -86.360065      891.00  4 26 2019  8 55 50   76.00    0.62    1.06   30.29
NWS015AL   34.871914  -86.306360      978.00  4 25 2019  9 23 25   80.00    1.40    7.35   29.31
NWS001AL   34.719144  -86.463601      650.00  4  5 2019 23 42 46   82.00    1.90    6.21   29.62
NWS008AL   35.141938  -85.366461      500.00  4 13 2019 11 38 19   81.00    0.12    4.84   29.50
NWS017AL   35.219142  -85.296361      625.00  4  2 2019  2 27 11   77.00    2.12    5.27   31.77
NWS015AL   34.871914  -86.306360      978.00  4 22 2019 22 58 20   74.00    1.54    7.75   30.59
NWS001AL   34.719144  -86.463601      650.00  4 24 2019 23  8  5   72.00    1.71    3.35   33.40
NWS017AL   35.219142  -85.296361      625.00  4 11 2019 19 38 29   73.00    0.55    4.63   33.06
NWS015AL   34.871914  -86.306360      978.00  4 20 2019 20  0  8   80.00    0.33    6.07   30.10
NWS005AL   34.914387  -86.360065      891.00  4 26 2019 20 27 10   80.00    0.50    0.64   29.10
NWS001AL   34.719144  -86.463601      650.00  4 27 2019  8 11 25   73.00    0.12    3.23   31.54
NWS001AL   34.719144  -86.463601      650.00  4 17 2019 15 16 33   82.00    2.18    2.51   32.12
NWS009AL   34.438719  -86.506463     1200.00  4 14 2019  0 14 58   85.00    2.08    0.47   31.84
NWS001AL   34.719144  -86.463601      650.00  4  7 2019 23  1 53   81.00    0.20    6.85   29.48
NWS019AL   35.319141  -85.556360      550.00  4 22 2019  7 50 11   80.00    2.14    6.72   30.10
NWS015AL   34.871914  -86.306360      978.00  4 27 2019  7 13  2   79.00    0.88    2.59   29.16
NWS010AL   35.043812  -85.436362     1125.00  4 30 2019 11  6 45   80.00    1.21    3.14   33.15
NWS019AL   35.319141  -85.556360      550.00  4  9 2019  5  6 40   77.00    1.72    6.34   29.52
NWS008AL   35.141938  -85.366461      500.00  4  9 2019  4 38  2   78.00    0.54    1.94   32.48
NWS009AL   34.438719  -86.506463     1200.00  4 30 2019 20 18 49   78.00    1.65    7.28   33.60
NWS012AL   35.071911  -85.646360     1350.00  4 20 2019  6 37 15   76.00    2.95    4.94   30.98
NWS015AL   34.871914  -86.306360      978.00  4 22 2019  7 52 39   74.00    2.43    1.95   33.12
NWS019AL   35.319141  -85.556360      550.00  4 16 2019  9 11 30   75.00    0.21    1.11   30.88
NWS005AL   34.914387  -86.360065      891.00  4  5 2019  4  9 23   78.00    2.65    1.07   32.61
NWS017AL   35.219142  -85.296361      625.00  4  1 2019 21 16 18   75.00    2.39    0.59   33.28
NWS009AL   34.438719  -86.506463     1200.00  4  9 2019 16 31  4   85.00    2.04    6.44   30.11
NWS002AL   34.191439  -86.636006      725.00  4  2 2019 14  5 55   75.00    2.80    6.07   29.88
NWS019AL   35.319141  -85.556360      550.00  4 28 2019 17 29  1   77.00    2.13    0.92   33.53
NWS010AL   35.043812  -85.436362     1125.00  4 10 2019 14  5  9   81.00    2.94    7.67   33.57
NWS017AL   35.219142  -85.296361      625.00  4 28 2019  6 49 56   76.00    1.64    1.62   33.07
NWS002AL   34.191439  -86.636006      725.00  4 29 2019  0  1 13   84.00    0.06    2.57   30.53
NWS017AL   35.219142  -85.296361      625.00  4 26 2019 12 44 21   70.00    0.05    6.93   33.12
NWS001AL   34.719144  -86.463601      650.00  4 23 2019  6  5 50   81.00    2.62    5.86   33.71
NWS001AL   34.719144  -86.463601      650.00  4 16 2019 22  5 14   74.00    1.84    7.89   29.01
NWS017AL   35.219142  -85.296361      625.00  4 16 2019 10 46 11   78.00    0.41    3.07   33.97
NWS008AL   35.141938  -85.366461      500.00  4 16 2019 13 31 44   74.00    2.42    1.49   32.90
NWS008AL   35.141938  -85.366461      500.00  4 18 2019  7 27 27   70.00    2.70    7.14   31.88
NWS001AL   34.719144  -86.463601      650.00  4 24 2019 11 17 23   83.00    2.17    5.86   31.31
NWS017AL   35.219142  -85.296361      625.00  4 21 2019 18 31 29   75.00    2.58    6.02   31.01
NWS017AL   35.219142  -85.296361      625.00  4  3 2019 13 30 56   77.00    0.12    3.92   33.45
NWS019AL   35.319141  -85.556360      550.00  4  5 2019 13 45 28   70.00    1.83    6.57   31.67
NWS002AL   34.191439  -86.636006      725.00  4 12 2019  9 41 16   82.00    0.39    7.06   33.70
NWS001AL   34.719144  -86.463601      650.00  4 16 2019  8 22  7   72.00    1.23    5.46   30.79
NWS019AL   35.319141  -85.556360      550.00  4 16 2019 14 31 18   83.00    0.03    4.80   32.26
NWS012AL   35.071911  -85.646360     1350.00  4  9 2019  3 50 39   83.00    2.05    4.11   29.48
NWS017AL   35.219142  -85.296361      625.00  4 10 2019 14 21 47   81.00    1.73    3.01   30.74
NWS009AL   34.438719  -86.506463     1200.00  4  3 2019 12 40 38   83.00    1.68    1.31   29.72
NWS002AL   34.191439  -86.636006      725.00  4  9 2019 17 53 38   75.00    2.55    6.03   32.17
NWS002AL   34.191439  -86.636006      725.00  4 10 2019 16 36 19   83.00    2.99    4.97   30.64
NWS002AL   34.191439  -86.636006      725.00  4 17 2019 18 27  8   72.00    2.46    6.00   33.52
NWS019AL   35.319141  -85.556360      550.00  4 20 2019  7 53 33   78.00    2.00    1.45   31.92
NWS009AL   34.438719  -86.506463     1200.00  4 10 2019 18 26  6   77.00    1.99    0.44   30.11
NWS019AL   35.319141  -85.556360      550.00  4  9 2019  7 14 34   82.00    2.83    1.94   32.11
NWS005AL   34.914387  -86.360065      891.00  4 11 2019 23 38 51   72.00    0.85    5.42   30.85
NWS015AL   34.871914  -86.306360      978.00  4 19 2019 21 29  8   84.00    2.56    2.43   32.38
NWS017AL   35.219142  -85.296361      625.00  4 28 2019  1 48 57   79.00    1.49    1.86   31.23
NWS009AL   34.438719  -86.506463     1200.00  4 28 2019 22 49  6   85.00    0.45    3.75   33.69
NWS002AL   34.191439  -86.636006      725.00  4 17 2019 19 45 25   73.00    2.02    5.65   29.22
NWS010AL   35.043812  -85.436362     1125.00  4  3 2019  8 48 56   75.00    0.82    3.18   31.25
NWS015AL   34.871914  -86.306360      978.00  4  5 2019  2 47 49   77.00    0.52    5.37   32.86
NWS002AL   34.191439  -86.636006      725.00  4 26 2019 14 47 13   80.00    0.31    7.83   30.69
NWS019AL   35.319141  -85.556360      550.00  4 24 2019 21 23 36   81.00    1.98    5.94   30.11
NWS005AL   34.914387  -86.360065      891.00  4 23 2019 14 50 44   74.00    3.00    7.90   31.04
NWS009AL   34.438719  -86.506463     1200.00  4 24 2019  6 39  6   73.00    2.12    7.62   33.58
NWS008AL   35.141938  -85.366461      500.00  4 26 2019  4 12 24   75.00    0.52    5.90   31.26
NWS017AL   35.219142  -85.296361      625.00  4 16 2019 21 58 51   71.00    2.12    3.56   33.37
NWS009AL   34.438719  -86.506463     1200.00  4 18 2019  7 36 37   76.00    2.60    5.73   32.41
NWS012AL   35.071911  -85.646360     1350.00  4 23 2019 17 51 16   80.00    0.85    6.05   30.81
NWS019AL   35.319141  -85.556360      550.00  4 18 2019 22 48 22   82.00    0.84    5.01   29.89
NWS010AL   35.043812  -85.436362     1125.00  4 20 2019  0 21 18   72.00    2.77    3.10   29.22
NWS017AL   35.219142  -85.296361      625.00  4 20 2019  9 41  8   84.00    2.50    4.85   31.58
NWS010AL   35.043812  -85.436362     1125.00  4 16 2019 15 19 23   78.00    1.42    0.21   33.38
NWS012AL   35.071911  -85.646360     1350.00  4 11 2019  1  4 49   76.00    0.22    4.56   30.57
NWS012AL   35.071911  -85.646360     1350.00  4 29 2019 11 10 42   73.00    2.88    6.33   33.45
NWS002AL   34.191439  -86.636006      725.00  4 29 2019 21 52 56   82.00    1.94    7.34   30.41
NWS002AL   34.191439  -86.636006      725.00  4 29 2019 10 38 50   84.00    0.09    3.29   30.95
NWS017AL   35.219142  -85.296361      625.00  4 11 2019  1 57 33   77.00    0.53    3.92   29.12
NWS012AL   35.071911  -85.646360     1350.00  4 15 2019 15  1 28   78.00    0.91    5.95   29.35
NWS017AL   35.219142  -85.296361      625.00  4  3 2019 23 37 46   70.00    1.05    1.11   31.72
NWS010AL   35.043812  -85.436362     1125.00  4 25 2019  6 31 54   72.00    1.62    6.30   29.40
NWS001AL   34.719144  -86.463601      650.00  4  4 2019  9  6 31   79.00    2.89    0.67   29.07
NWS009AL   34.438719  -86.506463     1200.00  4 18 2019 21 59 31   73.00    0.13    3.74   33.08
NWS010AL   35.043812  -85.436362     1125.00  4 13 2019  0 42 17   84.00    1.68    3.70   30.71
NWS002AL   34.191439  -86.636006      725.00  4 18 2019 15 52 51   76.00    0.34    7.92   33.72
NWS010AL   35.043812  -85.436362     1125.00  4 19 2019  5 21 47   77.00    2.37    6.77   33.71
NWS015AL   34.871914  -86.306360      978.00  4  7 2019 19 22 51   85.00    2.78    1.39   30.08
NWS005AL   34.914387  -86.360065      891.00  4 17 2019  8 12  5   71.00    1.45    3.50   33.07
NWS001AL   34.719144  -86.463601      650.00  4 20 2019 18  4 31   83.00    1.24    5.86   30.20
NWS005AL   34.914387  -86.360065      891.00  4 25 2019  5 40 10   81.00    2.65    6.30   31.48
NWS002AL   34.191439  -86.636006      725.00  4 28 2019  6 42  7   85.00    2.16    4.85   30.91
NWS019AL   35.319141  -85.556360      550.00  4 17 2019 18 35 35   74.00    2.60    7.12   32.60
NWS009AL   34.438719  -86.506463     1200.00  4  7 2019  3 17  6   80.00    2.69    3.00   31.48
NWS010AL   35.043812  -85.436362     1125.00  4  6 2019  4  8 55   80.00    2.32    5.87   29.58
NWS008AL   35.141938  -85.366461      500.00  4 23 2019  1 51  7   72.00    0.11    7.41   33.44
NWS012AL   35.071911  -85.646360     1350.00  4 15 2019 15 54 26   84.00    2.77    4.35   33.89
NWS010AL   35.043812  -85.436362     1125.00  4  9 2019 14 21 46   81.00    2.75    5.62   33.01
NWS017AL   35.219142  -85.296361      625.00  4 23 2019  9 31 36   82.00    1.22    3.00   32.99
NWS017AL   35.219142  -85.296361      625.00  4 23 2019  7  7 11   79.00    1.71    2.24   29.58
NWS010AL   35.043812  -85.436362     1125.00  4 20 2019 22 34 40   83.00    0.98    5.46   29.08
NWS019AL   35.319141  -85.556360      550.00  4  9 2019 17 58 52   75.00    0.35    6.81   32.12
NWS008AL   35.141938  -85.366461      500.00  4 30 2019 21 51 16   72.00    2.85    7.59   30.30
NWS002AL   34.191439  -86.636006      725.00  4  2 2019 20  3 26   81.00    2.41    5.84   33.62
NWS017AL   35.219142  -85.296361      625.00  4 30 2019 11  4 28   76.00    2.52    2.39   33.06
NWS008AL   35.141938  -85.366461      500.00  4 14 2019  9 31 26   70.00    2.90    4.14   29.64
NWS001AL   34.719144  -86.463601      650.00  4 24 2019 21 26 46   72.00    0.66    2.95   32.16
NWS001AL   34.719144  -86.463601      650.00  4 21 2019 18 49 18   77.00    1.62    0.48   32.33
NWS010AL   35.043812  -85.436362     1125.00  4  9 2019 22 21 31   80.00    0.83    6.43   32.04
NWS010AL   35.043812  -85.436362     1125.00  4 11 2019  3 42 47   76.00    1.75    0.53   32.24
NWS019AL   35.319141  -85.556360      550.00  4 21 2019 17 35  5   76.00    2.67    6.24   33.46
NWS008AL   35.141938  -85.366461      500.00  4 29 2019 17 29 46   80.00    2.72    0.36   29.67
NWS005AL   34.914387  -86.360065      891.00  4 12 2019 15 38 37   81.00    0.97    7.89   33.37
NWS012AL   35.071911  -85.646360     1350.00  4  3 2019 12  7 20   77.00    0.19    7.35   29.30
NWS008AL   35.141938  -85.366461      500.00  4 16 2019  6 57 50   75.00    1.99    7.00   29.89
NWS010AL   35.043812  -85.436362     1125.00  4 28 2019 15 16 45   73.00    1.29    5.57   31.68
NWS012AL   35.071911  -85.646360     1350.00  4 24 2019  8 16  1   71.00    0.25    2.01   31.75
NWS009AL   34.438719  -86.506463     1200.00  4  5 2019 20 14  8   85.00    1.88    3.18   33.33
NWS008AL   35.141938  -85.366461      500.00  4  4 2019  8 54  4   71.00    2.70    2.64   33.46
NWS002AL   34.191439  -86.636006      725.00  4  7 2019  2 56 43   75.00    2.97    5.63   32.01
NWS012AL   35.071911  -85.646360     1350.00  4 17 2019 18 18 39   77.00    2.75    0.54   32.37
NWS015AL   34.871914  -86.306360      978.00  4  6 2019 15 35 14   81.00    0.47    3.44   30.24
NWS017AL   35.219142  -85.296361      625.00  4  1 2019  2 46 35   72.00    0.22    7.19   33.97
NWS019AL   35.319141  -85.556360      550.00  4  9 2019 18 33 30   82.00    0.10    0.53   33.92
NWS008AL   35.141938  -85.366461      500.00  4 29 2019 12 32  5   81.00    1.94    1.48   29.88
NWS005AL   34.914387  -86.360065      891.00  4 11 2019 13 48  1   79.00    1.41    4.08   30.03
NWS012AL   35.071911  -85.646360     1350.00  4  4 2019  9 25 46   71.00    1.65    5.25   29.65
NWS001AL   34.719144  -86.463601      650.00  4 22 2019  4  3  7   73.00    1.85    2.27   33.94
NWS019AL   35.319141  -85.556360      550.00  4 27 2019  8 42 51   75.00    2.00    7.72   33.49
NWS010AL   35.043812  -85.436362     1125.00  4 16 2019 12 49 20   85.00    1.90    7.95   30.21
NWS005AL   34.914387  -86.360065      891.00  4  4 2019 15 47 47   79.00    2.60    4.84   29.75
NWS015AL   34.871914  -86.306360      978.00  4 15 2019  3 49 45   74.00    0.42    0.03   32.37
NWS017AL   35.219142  -85.296361      625.00  4  1 2019  0 50 28   76.00    2.98    5.59   30.71
NWS009AL   34.438719  -86.506463     1200.00  4 19 2019  4 16 43   84.00    2.55    3.92   31.94
NWS001AL   34.719144  -86.463601      650.00  4 17 2019 13 51 13   79.00    0.05    0.31   32.90
NWS009AL   34.438719  -86.506463     1200.00  4  9 2019  8  6 57   85.00    2.32    5.02   30.74
NWS001AL   34.719144  -86.463601      650.00  4  2 2019 16  6 14   74.00    0.48    3.82   32.43
NWS008AL   35.141938  -85.366461      500.00  4 29 2019 11 59  2   77.00    2.30    6.22   32.84
NWS001AL   34.719144  -86.463601      650.00  4 27 2019  4 38  8   84.00    1.93    4.72   31.63
NWS002AL   34.191439  -86.636006      725.00  4  2 2019  5 50 54   70.00    2.64    4.52   32.78
NWS015AL   34.871914  -86.306360      978.00  4 23 2019 12 49  1   73.00    1.55    5.79   33.94
NWS009AL   34.438719  -86.506463     1200.00  4  9 2019  9 14 21   83.00    2.78    7.27   33.34
NWS008AL   35.141938  -85.366461      500.00  4 21 2019 21 53 37   70.00    0.34    5.82   32.50
NWS012AL   35.071911  -85.646360     1350.00  4 10 2019 21 11 59   81.00    0.92    4.27   30.09
NWS019AL   35.319141  -85.556360      550.00  4 14 2019 20 27 55   78.00    2.95    2.71   32.08
NWS010AL   35.043812  -85.436362     1125.00  4 23 2019 12 48 48   82.00    0.85    1.73   29.99
NWS010AL   35.043812  -85.436362     1125.00  4 22 2019 22 16  6   81.00    1.42    5.83   33.37
NWS012AL   35.071911  -85.646360     1350.00  4 22 2019 15 53 59   80.00    0.36    7.15   33.26
NWS010AL   35.043812  -85.436362     1125.00  4 11 2019 14 23 47   79.00    1.09    6.10   29.62
NWS019AL   35.319141  -85.556360      550.00  4 22 2019 23 42 52   80.00    2.13    7.97   32.20
NWS017AL   35.219142  -85.296361      625.00  4 29 2019 23 32 17   71.00    2.06    1.96   32.29
NWS005AL   34.914387  -86.360065      891.00  4 21 2019  4 47 12   80.00    2.16    1.00   33.90
NWS001AL   34.719144  -86.463601      650.00  4 17 2019 12 13 59   78.00    1.87    0.37   31.91
NWS009AL   34.438719  -86.506463     1200.00  4 15 2019 16 26 25   82.00    0.87    7.05   33.77
NWS012AL   35.071911  -85.646360     1350.00  4 24 2019 21 15 27   82.00    2.89    3.95   30.22
NWS009AL   34.438719  -86.506463     1200.00  4 15 2019 14 10 15   72.00    0.38    2.17   29.36
NWS005AL   34.914387  -86.360065      891.00  4 29 2019 23 49 22   71.00    2.77    3.00   31.65
NWS009AL   34.438719  -86.506463     1200.00  4 21 2019  9 36 17   81.00    2.04    2.39   31.39
NWS001AL   34.719144  -86.463601      650.00  4 17 2019 13 46 55   79.00    1.37    4.36   33.57
NWS001AL   34.719144  -86.463601      650.00  4 17 2019 19 58 38   75.00    1.77    7.77   33.41
NWS001AL   34.719144  -86.463601      650.00  4 20 2019  3  6 25   70.00    0.08    6.55   32.29
NWS001AL   34.719144  -86.463601      650.00  4  9 2019  9 18 17   77.00    0.95    6.52   29.64
NWS012AL   35.071911  -85.646360     1350.00  4  7 2019 20 32 44   72.00    0.00    0.96   30.26
NWS008AL   35.141938  -85.366461      500.00  4 29 2019 18 44 35   79.00    2.74    6.73   31.92
NWS019AL   35.319141  -85.556360      550.00  4  9 2019 12 42  1   78.00    2.90    6.97   30.64
NWS001AL   34.719144  -86.463601      650.00  4 27 2019  2 28 18   82.00    1.47    7.22   33.48
NWS009AL   34.438719  -86.506463     1200.00  4 25 2019 14 17  2   81.00    1.82    2.89   32.87
NWS002AL   34.191439  -86.636006      725.00  4 28 2019 20 58  0   78.00    0.98    0.92   32.76
NWS012AL   35.071911  -85.646360     1350.00  4 27 2019  8 25 26   71.00    2.61    3.77   32.81
NWS005AL   34.914387  -86.360065      891.00  4  2 2019  5  7 47   73.00    1.41    7.34   29.25
NWS005AL   34.914387  -86.360065      891.00  4 12 2019 21  9  6   71.00    0.64    3.42   33.04
NWS008AL   35.141938  -85.366461      500.00  4 12 2019 12 30 24   75.00    1.60    4.90   32.72
NWS012AL   35.071911  -85.646360     1350.00  4  8 2019 14  0 55   70.00    1.45    3.83   29.94
NWS008AL   35.141938  -85.366461      500.00  4 14 2019 12  0 21   82.00    0.69    1.01   30.75
NWS005AL   34.914387  -86.360065      891.00  4 24 2019 11 58 19   85.00    0.00    4.72   33.59
NWS010AL   35.043812  -85.436362     1125.00  4 12 2019  3 13 10   72.00    2.53    5.70   29.87
NWS017AL   35.219142  -85.296361      625.00  4 18 2019 14 28 34   82.00    0.47    4.89   30.42
NWS017AL   35.219142  -85.296361      625.00  4  7 2019 15 15  7   79.00    1.20    7.72   29.26
NWS001AL   34.719144  -86.463601      650.00  4 16 2019 18 59 18   72.00    2.33    2.37   29.62
NWS009AL   34.438719  -86.506463     1200.00  4  6 2019 22 50 11   70.00    1.51    7.65   32.24
NWS009AL   34.438719  -86.506463     1200.00  4 29 2019 10 20 17   85.00    0.61    0.62   30.39
NWS008AL   35.141938  -85.366461      500.00  4 17 2019 10 49 39   83.00    1.79    3.48   30.64
NWS010AL   35.043812  -85.436362     1125.00  4  6 2019 19 12 16   84.00    1.25    1.17   33.59
NWS010AL   35.043812  -85.436362     1125.00  4 25 2019  3 15 56   78.00    0.95    5.19   30.90
NWS009AL   34.438719  -86.506463     1200.00  4  8 2019 13 23  5   81.00    0.01    0.76   31.27
NWS005AL   34.914387  -86.360065      891.00  4 26 2019 21  5 21   77.00    2.54    7.51   32.89
NWS009AL   34.438719  -86.506463     1200.00  4  1 2019 13 26 45   72.00    2.76    0.70   33.28
NWS010AL   35.043812  -85.436362     1125.00  4 30 2019 19 14  8   79.00    0.08    0.16   29.95
NWS010AL   35.043812  -85.436362     1125.00  4 20 2019 18 45 25   85.00    0.25    5.53   31.07
NWS009AL   34.438719  -86.506463     1200.00  4 14 2019 13  9  3   78.00    1.09    7.95   31.61
NWS009AL   34.438719  -86.506463     1200.00  4 19 2019  8  2 20   78.00    1.49    4.57   32.36
NWS017AL   35.219142  -85.296361      625.00  4  6 2019 17 45 39   72.00    1.25    6.76   32.65
NWS015AL   34.871914  -86.306360      978.00  4 25 2019 15 39 27   78.00    1.00    0.71   29.87
NWS009AL   34.438719  -86.506463     1200.00  4  1 2019  3 45 44   82.00    0.17    7.34   31.49
