GEOGRAPHIC EXTENT KM: 20 8
 74.1 87.6 80.3 86.9 77.4 74.6 72.1 71.2
 72.8 84.3 77.7 70.5 86.6 84.4 81.2 78.9
 88.1 78.3 70.3 70.9 73.0 83.2 78.3 85.3
 79.1 82.1 83.5 72.3 72.0 89.7 72.0 71.8
 79.8 78.1 76.0 71.3 84.0 86.9 85.1 74.5
 86.1 79.3 86.7 88.3 88.6 74.1 76.6 77.3
 81.3 73.4 72.0 80.7 80.0 89.5 83.8 89.6
 78.0 79.3 89.3 87.5 75.5 72.0 78.0 73.3
 78.7 85.7 89.6 79.8 86.9 83.6 81.0 78.7
 71.1 79.6 74.9 77.4 83.2 84.7 77.2 83.1
 83.2 86.1 86.5 75.5 76.3 88.2 84.2 84.0
 76.2 87.8 76.0 77.8 80.4 76.7 81.0 73.1
 73.8 77.2 71.5 75.9 70.9 86.1 71.6 81.1
 89.2 78.1 80.8 79.5 81.6 77.5 89.7 70.2
 89.1 87.8 73.9 70.0 74.4 79.6 77.2 73.0
 76.7 72.4 81.6 84.4 74.4 74.4 83.8 79.7
 71.1 89.3 71.4 84.5 75.7 71.6 79.7 71.3
 85.3 74.1 81.8 78.1 88.1 72.6 71.5 83.2
 77.1 76.5 74.9 81.0 80.1 79.6 89.1 72.2
 87.0 86.6 83.2 72.3 79.6 72.9 76.9 74.7