GEOGRAPHIC EXTENT KM: 15 30
 74.1 87.6 80.3 86.9 77.4 74.6 72.1 71.2 72.8 84.3 77.7 70.5 86.6 84.4 81.2 78.9 88.1 78.3 70.3 70.9 73.0 83.2 78.3 85.3 79.1 82.1 83.5 72.3 72.0 89.7
 72.0 71.8 79.8 78.1 76.0 71.3 84.0 86.9 85.1 74.5 86.1 79.3 86.7 88.3 88.6 74.1 76.6 77.3 81.3 73.4 72.0 80.7 80.0 89.5 83.8 89.6 78.0 79.3 89.3 87.5
 75.5 72.0 78.0 73.3 78.7 85.7 89.6 79.8 86.9 83.6 81.0 78.7 71.1 79.6 74.9 77.4 83.2 84.7 77.2 83.1 83.2 86.1 86.5 75.5 76.3 88.2 84.2 84.0 76.2 87.8
 76.0 77.8 80.4 76.7 81.0 73.1 73.8 77.2 71.5 75.9 70.9 86.1 71.6 81.1 89.2 78.1 80.8 79.5 81.6 77.5 89.7 70.2 89.1 87.8 73.9 70.0 74.4 79.6 77.2 73.0
 76.7 72.4 81.6 84.4 74.4 74.4 83.8 79.7 71.1 89.3 71.4 84.5 75.7 71.6 79.7 71.3 85.3 74.1 81.8 78.1 88.1 72.6 71.5 83.2 77.1 76.5 74.9 81.0 80.1 79.6
 89.1 72.2 87.0 86.6 83.2 72.3 79.6 72.9 76.9 74.7 82.4 82.8 78.7 73.5 74.1 75.1 75.8 72.1 88.5 72.9 74.0 78.3 82.8 86.6 87.4 80.2 71.2 78.4 87.1 86.3
 74.0 81.1 75.3 89.0 78.7 90.0 76.6 87.0 73.7 76.5 81.0 71.9 82.6 87.2 81.9 70.9 73.9 88.5 80.0 76.7 73.8 87.9 74.1 86.5 79.8 72.3 73.7 90.0 78.5 85.3
 89.4 85.4 71.5 74.7 81.5 84.0 88.0 88.4 77.8 77.2 87.2 88.0 86.9 75.6 71.1 77.5 89.2 88.6 77.8 79.8 82.5 70.5 79.2 79.5 77.0 72.2 87.1 80.5 74.6 73.1
 70.8 75.9 80.0 81.0 81.9 86.1 81.7 87.5 76.1 75.4 82.2 72.1 85.2 85.6 72.7 83.4 73.1 76.2 88.2 79.2 82.1 74.2 82.6 70.9 87.3 73.9 77.1 85.9 87.2 77.1
 84.0 83.5 85.4 76.8 75.0 75.9 88.8 79.8 79.9 83.6 87.3 71.5 83.5 84.1 88.0 84.2 87.8 83.3 76.2 73.4 85.4 77.0 77.5 73.9 88.4 87.9 84.9 84.4 89.4 80.4
 77.7 87.4 85.7 85.0 81.9 80.3 71.7 76.7 70.4 76.5 89.6 87.1 71.0 83.5 75.9 86.2 89.9 76.7 70.4 76.7 73.7 85.1 86.8 78.5 89.3 78.0 78.1 81.5 84.6 72.5
 86.7 70.1 89.4 70.6 72.4 74.3 86.1 86.9 85.8 70.2 79.2 73.4 73.0 85.4 80.8 85.5 72.3 74.1 79.2 71.8 88.1 76.1 82.9 74.3 77.9 82.4 78.1 82.2 79.4 85.1
 80.8 84.9 81.8 71.4 88.5 85.2 86.2 80.8 86.8 82.5 72.4 86.4 82.2 84.7 82.1 77.2 75.2 78.3 85.8 84.9 79.4 75.6 76.9 85.5 85.2 70.7 84.6 89.3 76.8 79.6
 88.9 84.6 75.1 75.9 87.5 83.1 75.0 85.7 78.1 83.7 78.5 81.0 85.5 75.5 80.7 81.6 78.7 73.8 76.8 89.0 87.9 77.9 87.6 71.2 83.6 81.5 86.9 72.3 89.7 81.1
 74.9 79.6 71.8 75.6 71.2 86.7 75.0 84.2 83.7 83.1 90.0 76.1 79.2 81.9 80.2 72.0 90.0 72.5 73.4 78.0 71.3 73.2 70.2 74.4 74.9 78.8 84.0 72.6 78.2 81.7