GEOGRAPHIC EXTENT KM: 25 50
 69.1 82.6 75.3 81.9 72.4 69.6 67.1 66.2 67.8 79.3 72.7 65.5 81.6 79.4 76.2 73.9 83.1 73.3 65.3 65.9 68.0 78.2 73.3 80.3 74.1 77.1 78.5 67.3 67.0 84.7 67.0 66.8 74.8 73.1 71.0 66.3 79.0 81.9 80.1 69.5 81.1 74.3 81.7 83.3 83.6 69.1 71.6 72.3 76.3 68.4
 67.0 75.7 75.0 84.5 78.8 84.6 73.0 74.3 84.3 82.5 70.5 67.0 73.0 68.3 73.7 80.7 84.6 74.8 81.9 78.6 76.0 73.7 66.1 74.6 69.9 72.4 78.2 79.7 72.2 78.1 78.2 81.1 81.5 70.5 71.3 83.2 79.2 79.0 71.2 82.8 71.0 72.8 75.4 71.7 76.0 68.1 68.8 72.2 66.5 70.9
 65.9 81.1 66.6 76.1 84.2 73.1 75.8 74.5 76.6 72.5 84.7 65.2 84.1 82.8 68.9 65.0 69.4 74.6 72.2 68.0 71.7 67.4 76.6 79.4 69.4 69.4 78.8 74.7 66.1 84.3 66.4 79.5 70.7 66.6 74.7 66.3 80.3 69.1 76.8 73.1 83.1 67.6 66.5 78.2 72.1 71.5 69.9 76.0 75.1 74.6
 84.1 67.2 82.0 81.6 78.2 67.3 74.6 67.9 71.9 69.7 77.4 77.8 73.7 68.5 69.1 70.1 70.8 67.1 83.5 67.9 69.0 73.3 77.8 81.6 82.4 75.2 66.2 73.4 82.1 81.3 69.0 76.1 70.3 84.0 73.7 85.0 71.6 82.0 68.7 71.5 76.0 66.9 77.6 82.2 76.9 65.9 68.9 83.5 75.0 71.7
 68.8 82.9 69.1 81.5 74.8 67.3 68.7 85.0 73.5 80.3 84.4 80.4 66.5 69.7 76.5 79.0 83.0 83.4 72.8 72.2 82.2 83.0 81.9 70.6 66.1 72.5 84.2 83.6 72.8 74.8 77.5 65.5 74.2 74.5 72.0 67.2 82.1 75.5 69.6 68.1 65.8 70.9 75.0 76.0 76.9 81.1 76.7 82.5 71.1 70.4
 77.2 67.1 80.2 80.6 67.7 78.4 68.1 71.2 83.2 74.2 77.1 69.2 77.6 65.9 82.3 68.9 72.1 80.9 82.2 72.1 79.0 78.5 80.4 71.8 70.0 70.9 83.8 74.8 74.9 78.6 82.3 66.5 78.5 79.1 83.0 79.2 82.8 78.3 71.2 68.4 80.4 72.0 72.5 68.9 83.4 82.9 79.9 79.4 84.4 75.4
 72.7 82.4 80.7 80.0 76.9 75.3 66.7 71.7 65.4 71.5 84.6 82.1 66.0 78.5 70.9 81.2 84.9 71.7 65.4 71.7 68.7 80.1 81.8 73.5 84.3 73.0 73.1 76.5 79.6 67.5 81.7 65.1 84.4 65.6 67.4 69.3 81.1 81.9 80.8 65.2 74.2 68.4 68.0 80.4 75.8 80.5 67.3 69.1 74.2 66.8
 83.1 71.1 77.9 69.3 72.9 77.4 73.1 77.2 74.4 80.1 75.8 79.9 76.8 66.4 83.5 80.2 81.2 75.8 81.8 77.5 67.4 81.4 77.2 79.7 77.1 72.2 70.2 73.3 80.8 79.9 74.4 70.6 71.9 80.5 80.2 65.7 79.6 84.3 71.8 74.6 83.9 79.6 70.1 70.9 82.5 78.1 70.0 80.7 73.1 78.7
 73.5 76.0 80.5 70.5 75.7 76.6 73.7 68.8 71.8 84.0 82.9 72.9 82.6 66.2 78.6 76.5 81.9 67.3 84.7 76.1 69.9 74.6 66.8 70.6 66.2 81.7 70.0 79.2 78.7 78.1 85.0 71.1 74.2 76.9 75.2 67.0 85.0 67.5 68.4 73.0 66.3 68.2 65.2 69.4 69.9 73.8 79.0 67.6 73.2 76.7
 73.0 76.5 69.4 83.7 79.6 82.2 73.5 80.5 70.5 73.1 78.3 80.8 66.3 77.3 66.4 68.7 83.7 84.8 75.6 76.7 81.6 78.4 66.0 66.4 77.9 72.7 83.4 69.5 77.9 73.4 69.3 65.1 66.8 72.0 68.0 65.2 66.2 75.0 65.1 82.0 74.7 82.9 71.8 73.8 77.3 72.4 76.9 84.6 79.5 81.4
 70.8 66.9 82.2 72.6 65.5 67.5 71.7 66.8 83.0 67.0 69.8 66.3 69.2 70.0 68.8 70.5 76.6 79.8 82.0 81.1 79.7 67.5 71.4 74.1 77.4 79.3 67.0 84.5 77.9 65.7 74.2 74.7 71.1 76.3 69.5 73.3 65.8 66.3 75.3 78.7 83.9 76.7 77.9 69.8 75.9 75.8 80.7 81.2 82.2 84.6
 69.2 65.4 78.0 66.3 70.4 75.1 66.8 76.1 73.4 74.1 84.2 80.6 80.1 66.5 68.2 80.8 72.0 71.2 70.4 65.3 77.8 77.2 75.2 65.9 75.9 79.3 77.7 73.8 83.6 75.7 84.4 72.8 81.7 83.7 67.1 73.8 80.1 74.8 67.0 79.9 84.5 72.1 75.7 82.8 66.7 78.5 70.2 72.4 66.2 68.2
 68.6 72.9 67.8 72.5 80.3 78.7 65.5 83.2 66.8 82.6 78.0 67.5 78.2 76.2 81.9 83.9 78.3 72.1 67.9 65.2 77.9 83.4 77.6 82.8 77.8 74.6 65.2 74.9 79.2 80.9 80.7 78.2 72.7 65.5 72.4 77.4 77.3 76.6 79.4 80.2 80.6 66.0 84.1 71.7 72.1 82.3 80.5 65.7 66.2 70.8
 82.3 79.3 75.4 76.3 79.1 80.7 79.3 84.6 65.0 82.7 71.1 72.0 70.7 66.8 80.9 65.7 78.5 65.2 78.4 76.6 78.7 81.8 78.9 77.1 81.2 66.0 70.7 75.6 79.7 81.8 71.2 65.9 68.4 72.0 68.5 84.5 85.0 73.5 72.5 67.9 74.9 69.7 76.5 69.0 82.3 72.3 74.6 82.4 72.6 73.1
 70.7 74.7 73.8 71.4 67.5 74.3 67.1 69.6 70.6 77.9 69.2 75.1 76.6 80.1 72.8 80.2 81.6 71.1 80.3 80.0 75.4 66.5 83.2 65.9 80.4 72.1 71.0 83.7 79.7 73.0 80.1 78.2 75.2 81.6 84.4 84.2 76.7 83.1 80.7 82.6 85.0 67.0 68.8 82.0 70.9 83.6 81.1 83.7 72.7 76.6
 79.9 71.5 70.1 69.8 78.0 83.2 82.8 78.2 80.4 83.3 67.7 80.1 66.7 81.3 67.8 66.5 80.3 66.8 80.2 76.0 79.3 68.5 79.6 78.8 67.8 68.6 67.1 72.8 77.9 82.5 74.8 78.2 67.4 70.8 83.1 73.6 65.5 75.1 76.6 80.0 65.5 83.5 72.6 73.7 76.0 83.0 77.4 74.3 79.5 78.3
 76.4 73.0 79.6 71.6 76.0 65.3 65.4 75.2 81.9 72.0 67.4 79.3 74.7 69.3 77.0 73.1 65.2 81.4 73.5 77.1 70.4 69.7 68.7 69.9 74.2 71.8 72.5 67.6 68.5 67.4 71.2 69.1 68.9 79.8 77.5 78.4 69.3 75.8 69.3 72.2 77.4 71.4 72.9 79.4 73.3 80.7 71.3 84.7 71.1 81.5
 66.5 66.9 66.7 73.5 83.1 79.9 76.1 77.6 79.0 80.3 80.3 65.1 72.5 81.6 84.3 69.2 68.4 77.7 68.9 75.2 76.0 83.6 78.9 67.6 77.3 67.7 67.2 80.2 82.3 83.6 79.8 71.9 70.6 84.3 82.5 75.9 70.5 82.6 66.2 82.5 78.1 68.5 65.5 83.9 69.4 70.8 74.6 82.6 67.8 79.4
 79.8 67.4 72.6 83.6 77.2 65.9 82.6 73.9 66.2 72.3 70.9 80.9 76.4 75.7 70.2 70.4 68.6 78.3 82.3 78.1 77.3 83.8 71.5 81.2 70.9 75.9 79.3 82.9 75.5 65.3 69.6 76.2 79.0 71.1 75.8 79.4 66.3 77.6 70.8 67.7 75.2 78.4 69.2 78.5 68.3 82.7 68.9 67.4 71.2 79.3
 79.3 79.5 65.5 65.7 81.3 70.1 78.9 71.7 67.2 75.9 67.5 72.1 67.5 82.0 80.9 83.5 70.8 69.2 65.7 79.7 83.4 80.9 72.7 76.2 76.5 70.7 67.8 70.9 70.5 81.5 69.6 72.6 71.5 71.6 72.7 80.4 67.3 67.4 65.8 77.2 67.8 80.2 75.8 83.6 74.3 72.0 71.3 78.1 71.6 83.9
 78.5 77.1 79.7 67.5 72.5 81.4 83.3 83.3 72.9 83.9 77.4 79.3 79.4 71.5 78.4 70.8 84.2 65.4 69.8 68.4 81.4 76.4 66.3 77.5 68.9 67.2 83.3 65.4 73.2 84.5 83.3 65.7 72.2 82.5 79.9 83.7 81.5 65.7 68.1 74.8 84.5 72.6 71.4 68.9 67.9 83.8 69.7 65.7 69.9 66.9
 68.5 69.7 70.4 69.4 75.6 81.5 80.8 76.9 85.0 80.7 81.1 69.7 79.4 69.2 79.8 74.2 83.0 66.2 82.2 78.7 79.5 74.1 67.5 75.1 74.8 81.3 79.1 75.1 82.3 75.6 84.5 76.2 82.0 70.4 72.8 74.2 79.7 77.8 69.2 74.6 71.1 79.7 66.3 78.8 82.5 80.3 76.9 77.0 67.5 75.6
 71.2 84.9 75.0 83.3 73.3 76.0 67.7 69.1 70.5 67.8 84.9 73.6 66.3 72.2 68.7 69.7 82.3 83.9 70.0 84.7 76.7 68.1 72.1 66.2 73.3 72.2 84.6 77.6 65.0 84.4 71.4 72.3 78.8 67.6 81.9 75.8 75.1 66.7 71.0 66.8 74.1 82.3 73.7 83.3 77.9 81.5 65.9 71.2 66.1 70.6
 68.9 70.5 69.6 72.2 78.2 84.9 81.2 67.4 68.4 70.0 69.0 74.3 72.1 80.5 70.6 66.0 77.2 77.1 73.1 66.6 83.6 70.0 75.7 73.2 76.0 80.4 67.7 75.8 70.5 78.5 66.8 81.8 67.9 77.6 78.9 69.9 78.2 83.9 82.8 78.8 83.7 79.8 78.6 74.4 65.7 84.7 65.9 77.1 65.9 84.5
 69.2 80.0 84.8 77.6 76.2 74.6 66.7 72.9 67.2 75.2 78.8 78.0 81.9 82.1 67.1 78.6 80.7 68.5 81.2 71.5 66.8 78.6 72.0 80.8 67.8 76.5 68.8 72.2 78.8 73.8 84.3 67.0 72.0 79.1 72.8 69.5 70.7 76.1 71.2 80.1 71.9 65.7 66.4 77.3 81.2 73.3 76.4 78.8 73.7 84.4
